1
1
2
1
1
7
1
3
1
1
3
3
8
1
18
5
13
1
1
26
3
1
1
3
3
5
5
2
2
3
4
2
4
1
17
1
1
1
1
1
6
4
1
1
1
1
1
2
9
8
19
4
7
1
1
2
3
3
4
10
1
1
2
1
1
1
2
1
1
3
3
1
1
1
1
2
4
1
2
5
3
5
1
23
13
6
1
1
1
1
1
1
1
1
1
3
1
1
1
1
3
2
1
2
1
1
1
1
1
1
3
3
1
2
4
1
1
1
1
1
3
1
1
1
1
1
1
3
2
2
1
2
6
7
5
10
2
4
2
1
2
2
1
2
5
4
3
13
4
5
3
15
6
1
3
1
2
6
1
1
2
12
2
1
3
1
1
1
2
1
2
1
3
1
3
1
2
3
11
2
6
1
5
4
1
2
1
4
3
1
1
6
5
1
1
1
4
4
1
1
1
1
1
1
2
2
1
1
2
1
2
1
2
1
1
1
1
1
6
2
1
5
2
1
1
1
2
1
4
2
3
1
1
2
1
2
1
1
1
2
1
2
1
2
1
1
1
3
1
3
2
6
1
4
3
4
12
2
2
4
3
1
1
1
