3
11
4
41
7
2
1
2
1
9
3
7
7
1
2
8
7
3
8
8
6
1
6
2
18
3
2
2
2
2
1
1
1
1
3
1
1
1
1
1
4
1
1
2
2
1
3
1
1
14
5
6
3
4
16
15
19
14
15
1
3
8
4
2
1
3
16
18
20
17
2
2
8
11
23
9
9
2
2
11
20
17
10
25
2
19
9
8
1
2
3
4
2
7
5
9
14
8
3
10
2
8
2
3
4
19
6
6
1
4
20
35
1
9
8
31
16
5
12
2
2
3
7
1
5
22
1
2
10
5
2
9
9
12
2
4
10
2
9
26
1
9
19
12
4
41
16
9
3
12
9
17
4
1
4
1
1
4
3
2
10
15
1
1
10
4
3
54
3
7
2
4
8
1
35
20
2
5
30
24
4
1
6
14
39
5
3
3
10
7
2
5
11
1
6
33
7
8
2
18
6
7
1
1
15
2
3
11
3
2
1
1
10
5
2
4
23
2
1
8
6
5
3
3
3
3
6
5
5
1
3
4
5
3
2
5
1
2
1
2
3
2
1
1
2
1
8
4
1
1
1
4
1
4
1
1
1
2
1
1
3
2
1
4
2
3
1
3
1
3
1
3
1
2
1
1
2
2
1
1
2
1
2
1
4
1
1
4
8
4
1
3
1
1
1
1
1
1
2
1
2
1
1
5
10
6
1
2
2
3
1
14
4
22
6
4
1
8
3
6
2
1
7
3
7
8
3
7
1
3
3
1
1
2
2
1
2
13
4
11
1
1
3
1
1
2
1
7
2
1
2
4
9
1
3
5
4
6
1
11
8
1
4
8
3
1
2
1
3
1
2
6
1
5
5
6
8
2
11
9
2
8
6
5
20
5
11
6
3
5
3
9
6
6
5
1
13
6
1
1
2
3
1
4
3
10
8
8
9
4
1
5
1
1
5
1
3
1
3
4
4
1
1
3
8
2
1
3
1
9
1
1
2
4
16
14
1
11
8
2
23
1
14
20
9
5
2
3
1
1
4
1
1
1
1
3
1
17
4
6
20
5
17
2
1
4
11
7
14
6
5
1
1
8
2
1
3
8
2
7
2
4
3
1
10
10
2
1
7
4
2
24
7
5
3
6
1
2
18
4
2
2
1
2
1
2
9
1
2
1
23
1
9
1
6
2
8
10
1
24
4
13
2
2
5
1
9
2
12
5
3
17
11
6
7
11
11
8
5
9
3
1
1
5
6
1
5
5
5
1
1
4
4
6
2
2
1
1
4
1
3
1
6
4
4
3
1
2
16
17
1
1
1
1
1
1
3
12
7
7
5
18
1
2
14
1
16
2
13
15
12
12
22
7
6
10
3
1
6
9
8
2
5
1
17
6
9
6
11
9
1
11
19
3
25
7
3
1
3
8
12
14
2
1
1
1
2
4
11
1
4
3
3
3
4
1
2
1
1
1
2
1
2
8
1
3
2
1
2
9
1
1
7
4
5
3
1
1
3
1
3
2
1
1
5
4
10
4
1
7
3
4
1
1
