1
1
1
2
1
2
2
1
4
2
4
1
2
4
1
1
3
1
2
1
1
1
1
3
1
1
2
1
1
1
1
1
3
1
1
1
2
1
1
15
11
9
3
1
3
1
13
3
7
1
2
3
4
3
4
2
6
2
2
4
4
7
2
3
14
2
2
2
2
5
5
5
18
14
6
1
5
4
7
3
3
1
1
12
13
4
5
1
8
7
3
2
2
1
1
1
1
1
22
2
5
18
1
2
1
1
3
1
1
1
2
2
1
8
4
2
2
2
2
1
1
5
2
2
6
1
3
2
2
1
12
13
11
1
1
1
2
1
2
1
6
7
3
1
5
2
4
2
4
3
1
8
2
3
1
1
1
7
3
1
4
3
1
3
1
1
1
1
1
2
1
1
1
1
1
3
4
2
1
1
1
1
1
1
1
1
1
1
1
1
2
2
1
2
1
2
2
1
1
2
1
1
2
1
3
2
1
1
1
1
1
1
2
1
3
2
1
1
1
1
1
1
1
3
1
1
2
1
1
1
1
1
1
2
2
1
1
3
1
1
4
1
1
1
1
1
3
4
2
5
1
2
