2
5
8
1
1
6
11
6
2
7
4
2
1
1
1
2
2
7
1
2
3
1
1
2
1
2
14
2
1
2
2
2
1
1
1
1
1
1
1
1
2
1
4
1
1
3
3
1
7
1
3
1
3
1
4
3
1
4
1
2
5
1
3
9
4
4
5
4
1
1
3
1
1
4
3
3
1
1
2
1
1
1
8
6
3
3
3
4
1
1
1
2
1
1
1
3
11
1
3
4
4
2
1
1
1
18
2
1
5
3
1
1
6
4
9
2
3
1
9
17
2
1
7
1
3
7
1
6
10
3
4
15
17
4
5
4
16
1
12
7
5
8
13
1
1
3
1
1
1
2
1
6
2
5
1
1
3
1
1
1
1
1
27
4
2
1
14
1
2
7
1
1
1
5
11
1
3
4
1
1
1
1
1
2
2
1
6
1
2
2
2
1
4
6
1
4
9
1
3
14
2
4
1
1
1
5
1
1
10
1
6
16
3
2
3
2
7
2
19
14
3
2
2
4
2
6
4
4
1
1
1
1
1
8
1
1
1
20
3
1
6
14
10
10
1
9
11
3
10
3
8
3
5
4
1
2
13
1
5
1
3
11
5
19
1
1
13
1
1
5
11
3
1
12
1
1
1
1
1
3
14
3
1
17
2
1
6
1
2
1
8
2
2
1
1
1
1
2
6
9
1
1
1
4
6
1
5
3
2
2
1
2
1
1
2
3
10
3
1
1
1
2
1
2
1
2
1
1
1
1
7
3
1
2
2
1
1
1
2
2
2
3
3
2
1
1
3
1
3
1
5
8
3
1
4
9
2
3
13
1
26
17
16
2
1
3
2
2
1
2
2
6
1
28
7
1
15
2
1
2
1
1
1
1
1
2
2
10
15
2
7
5
1
9
5
1
17
1
1
7
6
6
3
13
9
1
3
1
4
1
1
1
13
3
2
1
1
3
1
3
8
2
2
32
3
7
3
1
8
11
1
1
1
1
12
2
2
1
4
5
7
7
1
1
1
8
1
4
1
1
1
10
2
27
3
1
7
1
9
8
1
8
2
1
6
1
2
1
5
1
17
3
2
3
1
2
1
3
2
6
1
2
1
1
1
4
1
1
1
2
5
1
1
1
1
2
2
5
8
2
6
37
5
19
1
2
3
16
1
1
2
1
1
1
1
2
2
1
1
1
2
7
6
3
1
4
1
1
1
2
3
1
2
15
5
3
1
1
1
1
2
2
2
1
2
1
1
12
1
10
8
1
1
4
1
7
9
3
1
1
2
2
1
3
4
4
9
1
1
1
5
8
1
2
1
1
3
1
1
1
1
1
1
1
1
2
1
1
2
1
13
2
6
1
2
1
21
2
2
1
1
4
4
1
6
2
7
1
2
1
1
1
1
1
13
30
1
1
10
1
1
1
4
2
4
1
20
22
2
1
1
2
3
1
1
1
1
1
1
1
1
5
1
4
5
2
1
1
1
1
2
1
1
1
2
1
1
1
2
8
1
1
2
1
7
3
17
11
1
1
3
8
16
21
3
1
1
1
9
1
3
1
1
1
3
1
1
6
1
2
1
2
1
1
5
24
15
1
4
3
1
6
12
1
6
15
1
2
1
1
3
1
1
1
3
1
1
1
1
8
1
4
18
2
2
1
3
1
18
31
1
1
2
1
10
1
1
5
1
10
12
1
1
2
1
1
6
9
4
16
2
1
1
1
11
2
1
3
1
2
7
2
1
1
2
3
10
4
4
1
2
2
2
1
4
1
1
1
1
6
2
18
12
1
1
8
1
3
11
7
2
3
5
24
6
3
6
34
15
4
4
10
7
15
6
23
3
12
2
1
6
1
4
37
1
1
1
12
2
9
5
1
4
3
5
19
1
1
1
4
1
10
5
9
1
1
8
1
1
6
1
1
2
8
6
2
3
9
1
1
1
3
1
1
1
1
3
2
1
2
2
1
2
1
1
5
3
4
9
3
2
3
6
1
4
1
1
9
10
14
4
30
17
2
3
4
1
2
2
3
4
1
1
2
2
8
1
1
1
1
1
29
7
2
1
3
3
3
1
1
5
1
1
2
1
18
4
1
1
2
8
1
1
2
1
1
1
1
2
1
1
3
9
13
15
1
3
1
3
5
1
1
1
1
2
2
6
8
6
1
3
1
1
4
1
1
26
12
3
1
1
1
2
1
1
3
22
1
14
2
1
2
7
7
3
1
4
4
1
3
10
3
1
1
1
2
1
2
16
4
10
9
8
34
1
1
5
1
1
1
6
4
1
2
2
1
1
10
1
1
9
4
6
4
1
1
25
5
1
1
1
6
3
4
5
3
1
4
5
3
2
2
11
3
2
1
1
1
1
2
2
1
1
2
15
2
1
3
1
3
2
1
2
1
2
2
1
2
3
1
1
1
2
1
1
5
1
3
6
3
1
7
3
1
2
1
1
3
1
1
1
3
7
1
1
1
3
1
1
5
3
4
1
10
9
1
1
1
1
5
1
1
2
2
4
3
12
7
1
1
4
2
3
11
6
1
1
1
1
2
2
1
2
1
6
2
3
3
4
3
1
2
1
1
1
12
2
1
2
1
3
5
4
2
2
4
5
2
4
1
8
4
4
1
3
1
17
1
6
2
14
2
1
1
1
7
2
4
1
1
1
36
1
1
2
1
1
2
2
1
1
1
4
1
2
1
1
11
18
2
24
1
12
7
1
1
17
4
1
2
3
1
1
3
3
10
8
4
6
12
7
1
1
2
4
2
1
6
1
2
1
4
8
5
1
1
1
1
8
8
10
1
16
2
1
2
1
10
4
1
1
1
17
4
1
1
1
1
4
1
1
