8
1
1
5
1
2
11
4
1
1
1
8
1
2
3
6
3
4
1
1
1
2
1
1
5
7
9
1
2
1
2
1
3
1
1
3
2
1
3
1
1
1
7
1
3
14
2
2
1
3
36
6
2
13
11
2
11
7
13
3
1
5
4
5
14
1
2
3
1
1
1
11
6
10
2
2
16
1
10
2
1
6
5
14
1
19
8
4
2
1
8
1
1
1
2
3
1
10
1
5
1
3
2
11
10
4
4
1
1
1
6
4
5
2
1
1
6
10
3
2
11
8
2
14
8
4
16
1
1
1
4
9
2
15
11
4
1
29
2
8
30
3
1
1
8
2
1
6
3
3
2
14
38
1
7
5
4
1
1
3
4
8
5
2
7
1
9
14
10
2
2
7
6
4
10
2
1
1
3
1
1
13
5
1
2
4
1
2
3
5
8
2
1
1
7
6
1
1
3
5
2
3
1
11
6
1
1
10
2
1
2
4
1
1
7
2
4
1
3
3
2
5
8
3
4
14
2
7
5
2
4
7
2
6
3
2
44
6
11
2
1
1
20
8
6
1
20
6
4
4
4
1
7
7
5
4
1
1
4
6
1
3
1
4
3
1
1
4
3
2
6
3
13
3
3
5
1
8
13
24
6
9
6
1
1
1
3
8
11
18
2
2
1
1
1
1
5
1
2
9
1
7
1
3
2
4
1
2
2
6
1
1
2
1
1
1
1
1
1
7
7
2
5
4
2
5
2
4
5
5
4
3
10
3
1
4
9
3
4
5
17
2
30
2
13
1
6
2
2
10
5
1
7
20
2
1
37
1
1
5
11
5
9
10
10
1
4
1
5
6
1
1
4
3
1
3
3
10
8
4
3
8
2
18
1
6
9
4
2
1
1
1
2
3
1
1
1
1
14
2
13
1
1
5
3
13
6
5
1
1
1
6
1
4
5
3
3
3
1
3
37
37
1
50
1
4
2
2
4
1
17
1
4
1
11
1
1
5
1
35
4
7
1
4
1
1
1
2
2
1
5
3
1
1
7
1
4
1
4
1
7
1
4
3
1
5
1
7
8
2
15
6
3
13
2
14
7
9
25
2
1
1
1
1
3
9
1
3
1
2
1
3
2
3
1
1
3
1
7
1
21
2
1
4
5
1
21
1
1
6
6
5
1
1
8
1
2
2
3
1
15
2
1
11
2
2
1
1
16
5
2
3
3
1
1
1
1
1
8
1
1
1
3
15
7
1
1
6
9
7
1
1
2
2
1
3
4
3
8
2
4
8
3
6
2
1
8
1
3
1
8
3
1
3
1
4
12
1
4
4
1
8
3
2
1
10
1
3
7
2
5
2
2
1
1
6
13
1
4
5
2
11
6
5
3
7
5
1
1
1
4
1
11
21
4
13
1
3
1
3
25
2
13
9
1
17
12
19
2
1
2
1
11
6
1
1
1
10
4
22
4
3
2
9
5
1
3
3
1
2
2
1
1
1
1
7
1
1
1
1
1
30
11
5
4
6
8
2
4
7
3
1
27
7
4
2
17
1
1
1
4
1
7
1
2
10
4
5
4
2
1
1
1
5
2
12
5
2
1
2
1
2
4
1
4
1
3
4
11
4
2
7
11
6
1
1
2
1
7
3
5
1
2
8
2
3
3
1
15
5
9
4
2
11
2
3
1
2
1
2
4
3
1
5
2
1
1
1
1
1
4
2
6
8
6
5
1
4
1
1
4
1
5
3
8
1
11
11
3
3
3
1
1
1
7
8
6
4
11
4
11
1
6
1
1
22
2
1
3
10
1
9
12
13
3
1
1
1
3
1
1
1
4
3
2
5
1
8
3
5
1
30
1
3
26
1
1
1
1
3
2
2
1
1
7
1
13
3
5
4
11
21
10
6
1
8
6
3
1
1
1
3
5
2
4
9
4
10
1
2
1
8
2
3
1
6
1
2
8
1
5
4
23
2
3
1
1
1
9
1
3
2
1
8
1
1
2
14
4
5
9
2
6
2
3
5
4
6
4
7
25
2
2
2
3
2
2
14
16
3
1
6
4
4
3
5
4
16
4
3
13
12
2
11
2
5
2
10
1
3
2
2
6
2
1
1
10
1
