1
1
4
3
4
1
2
11
1
3
1
2
2
13
2
1
3
3
2
5
1
6
1
1
4
7
2
3
2
11
1
1
1
2
2
1
3
1
1
1
1
2
6
2
9
2
1
2
2
2
2
1
1
1
1
1
1
1
1
1
4
6
1
1
10
13
2
1
2
1
6
5
2
2
5
1
4
1
4
3
1
1
8
1
3
2
2
2
2
2
1
3
1
2
8
5
9
2
2
2
1
1
6
2
2
3
1
1
1
2
1
4
1
2
1
3
6
6
1
1
3
7
1
2
1
3
1
1
5
1
4
1
3
2
2
2
1
7
1
5
1
4
2
2
3
10
4
1
11
6
3
2
2
1
3
1
3
2
3
3
2
2
5
2
1
1
1
2
1
1
9
2
2
1
2
1
1
1
2
1
5
1
2
1
3
1
6
4
3
3
1
3
3
27
9
4
1
13
1
2
1
1
9
5
3
4
12
2
4
4
4
5
17
4
1
1
4
1
6
1
2
12
10
1
1
1
1
1
6
2
3
5
1
21
14
4
9
2
2
2
5
1
12
1
3
50
9
4
4
2
3
6
15
1
9
3
1
2
1
9
1
6
14
10
1
17
3
2
29
1
1
1
1
4
4
10
4
1
1
10
18
11
13
3
27
8
8
12
1
20
4
4
8
2
1
1
3
1
1
10
5
1
8
1
1
3
1
3
14
2
5
7
3
2
2
1
9
4
1
1
10
1
1
5
12
7
1
1
5
2
1
5
1
4
30
3
19
5
27
4
2
7
1
1
3
1
1
16
9
2
2
29
3
8
3
3
6
2
6
1
1
2
1
5
1
7
3
1
3
1
1
2
1
4
8
2
1
3
2
2
12
12
2
4
2
1
3
8
1
1
1
1
13
1
2
1
9
2
6
4
16
7
9
1
3
1
23
3
5
8
3
9
24
8
13
7
14
22
1
2
7
2
3
2
3
1
7
1
2
1
14
1
16
6
2
7
6
9
4
3
6
5
1
1
1
3
3
4
1
8
17
1
1
2
33
30
30
1
1
2
21
5
21
1
2
3
22
5
1
1
7
4
12
4
42
10
2
4
3
1
1
4
39
1
3
6
29
4
6
1
24
5
1
4
1
1
2
2
4
2
14
1
11
24
2
9
10
1
2
1
1
8
9
1
5
2
4
8
1
2
16
47
9
1
8
8
4
2
1
8
3
14
1
38
9
1
7
3
1
1
7
30
17
1
7
3
9
7
6
2
11
3
11
1
4
6
23
10
3
1
1
2
1
8
3
1
3
12
8
1
2
3
1
3
1
7
1
10
3
1
9
1
32
1
1
4
4
12
8
15
15
8
23
3
1
1
1
1
1
12
14
7
8
2
1
6
15
15
5
5
6
10
14
2
4
7
2
1
11
9
23
7
32
18
1
14
1
1
1
3
5
6
7
1
20
11
1
22
4
3
22
4
5
4
26
26
1
1
1
1
1
3
1
3
2
1
1
3
7
2
1
3
1
4
17
25
2
8
2
1
9
2
5
4
1
1
1
12
1
7
2
4
13
14
4
5
3
2
1
5
6
3
8
2
1
2
1
9
1
1
1
1
3
1
1
11
2
4
13
6
7
1
3
16
1
48
3
24
2
2
8
23
5
2
33
2
11
8
2
11
5
22
4
1
3
5
6
25
1
6
6
2
3
2
1
2
3
1
7
24
1
1
1
1
12
8
8
2
1
3
1
3
4
5
5
2
3
1
1
15
1
9
1
1
22
4
13
2
34
