15
2
1
3
1
8
4
2
14
1
1
1
5
6
1
3
1
9
3
1
3
3
7
2
5
1
2
7
13
1
1
8
11
8
3
1
1
17
3
6
1
3
6
8
1
15
5
23
1
1
12
12
4
9
2
1
3
1
1
14
3
7
13
3
10
4
5
2
2
1
11
5
3
2
1
2
1
2
6
11
1
4
5
2
1
1
2
7
1
4
12
1
6
27
6
16
1
4
18
1
1
10
1
3
1
1
1
2
2
1
2
14
2
2
1
18
3
2
6
1
1
1
2
1
4
2
6
1
1
5
1
3
11
2
1
2
2
3
15
1
2
13
1
2
1
5
1
4
13
1
1
9
5
1
11
9
1
2
1
3
1
7
11
3
1
3
4
3
1
11
2
6
5
1
1
10
2
4
1
4
2
22
3
2
1
4
1
1
4
15
6
1
1
1
4
4
23
3
12
1
6
2
4
2
24
1
6
29
3
1
8
4
9
8
3
6
5
1
2
1
6
1
1
2
1
3
6
1
8
1
1
1
3
10
1
2
13
6
2
2
28
1
2
14
2
3
8
4
1
20
8
1
4
1
1
2
8
1
4
12
1
8
5
14
1
11
11
4
13
1
6
17
1
10
3
1
6
1
1
2
1
2
4
3
1
1
4
1
1
1
1
5
4
2
3
7
3
1
1
1
2
2
9
2
1
8
8
6
8
1
2
2
1
1
5
7
1
1
1
8
3
1
10
1
1
3
3
1
5
1
1
8
2
1
2
1
9
1
4
1
1
2
9
20
2
14
1
1
4
1
2
2
1
2
2
2
1
1
1
1
1
1
3
2
1
2
1
1
1
2
1
7
8
4
14
1
7
1
1
5
2
2
5
9
13
1
4
1
5
1
1
1
1
34
2
4
5
4
1
1
2
1
2
5
2
2
2
2
1
2
9
4
5
1
1
1
4
6
1
5
2
6
3
7
2
1
5
2
1
5
13
2
6
1
1
1
1
1
10
1
3
5
10
3
1
11
1
4
1
1
5
1
3
1
1
1
4
1
1
3
1
2
1
12
2
5
1
1
1
5
3
3
1
4
1
1
1
1
2
1
1
1
3
1
2
1
3
8
3
8
1
1
18
4
1
8
6
12
15
5
13
1
15
4
2
3
2
2
2
2
9
4
1
2
1
1
2
2
17
1
7
1
1
3
20
10
6
5
1
1
3
1
2
6
7
1
3
5
1
1
2
25
1
1
2
3
6
1
4
7
7
6
9
4
4
2
4
1
1
9
1
12
1
3
3
1
4
2
8
4
3
5
1
1
2
1
8
2
4
8
7
5
16
1
1
5
2
8
1
2
1
3
2
2
4
10
6
2
1
1
4
2
1
3
2
1
12
1
1
1
4
4
1
1
1
13
9
2
1
1
1
4
1
1
1
1
2
1
1
7
2
3
1
2
3
2
15
1
5
3
9
2
2
1
3
2
8
1
1
1
14
6
1
1
8
7
1
10
15
4
4
1
4
9
2
1
1
1
1
1
5
1
1
1
1
6
5
4
1
1
1
4
1
1
1
4
1
6
3
1
10
6
2
1
3
5
4
8
1
1
3
1
1
1
2
1
4
1
1
1
3
1
4
1
1
1
5
7
3
3
1
7
1
2
1
1
13
1
3
5
3
9
4
2
1
1
1
3
1
2
8
7
7
12
5
4
3
1
2
4
2
1
14
6
1
3
1
2
1
1
2
1
1
1
1
1
1
2
11
1
2
1
6
1
2
1
1
1
1
1
1
1
1
2
1
1
3
2
1
2
1
1
2
1
2
1
1
1
1
2
2
11
3
5
1
2
1
4
1
1
1
2
1
2
1
1
1
1
1
12
2
7
4
1
1
1
18
1
1
1
5
1
3
2
1
1
2
1
4
1
2
2
3
2
2
3
3
2
5
1
1
5
3
4
2
1
1
1
3
1
2
1
1
1
1
1
1
2
1
1
1
1
3
1
3
8
1
1
1
3
1
1
2
1
1
1
1
3
1
7
2
2
1
1
3
4
1
1
1
1
1
1
2
7
1
1
1
7
1
1
1
2
4
10
1
7
7
1
1
6
4
6
3
10
1
8
3
1
4
1
3
5
5
1
1
1
1
1
7
1
1
2
4
7
11
4
3
2
6
2
4
1
2
6
2
2
1
1
1
2
1
7
1
6
6
1
2
3
1
1
1
1
4
1
1
4
1
2
1
1
1
1
1
7
5
1
1
3
1
1
10
4
16
1
2
1
2
2
2
1
7
8
3
1
10
5
1
1
6
2
2
5
1
1
7
1
5
2
15
9
1
4
2
2
1
15
4
6
1
8
6
2
8
2
7
3
3
1
1
1
1
1
1
2
6
3
6
7
4
2
4
5
15
1
6
1
2
1
3
7
9
1
1
1
1
1
4
13
1
1
1
5
9
2
5
5
1
7
8
11
1
1
5
3
1
1
1
2
2
1
3
1
3
3
4
1
1
1
2
1
1
1
2
1
9
5
1
7
4
24
1
1
5
15
9
1
1
2
1
1
6
1
4
2
2
2
1
3
1
1
11
1
1
1
4
10
4
14
3
1
1
1
41
7
19
5
1
1
2
2
1
6
8
5
3
1
2
8
1
