2
2
1
2
1
2
1
2
1
3
2
1
1
1
1
17
1
1
1
1
2
1
1
1
1
1
1
1
1
1
2
2
1
1
1
1
1
2
1
1
1
2
1
3
2
3
3
2
1
14
2
2
14
6
3
2
1
1
1
1
1
7
2
1
1
2
2
2
2
6
2
3
2
5
3
6
1
2
9
2
1
2
3
1
4
7
2
2
11
7
1
4
2
1
8
1
1
3
1
1
1
1
4
6
4
3
2
3
1
3
1
1
8
3
5
1
1
1
1
3
1
4
1
1
1
1
3
2
1
1
5
1
1
1
13
1
1
34
8
3
1
3
7
4
1
2
1
1
3
1
1
3
3
1
1
1
2
1
2
1
1
1
2
1
2
4
1
1
1
2
1
1
1
3
2
10
5
27
1
3
1
3
1
1
2
7
3
1
1
1
1
1
1
1
1
4
1
5
2
6
5
4
18
3
1
1
1
2
1
2
1
3
14
1
1
1
2
1
2
1
1
1
2
1
3
1
1
18
10
22
18
1
1
1
52
25
1
1
1
1
6
1
1
2
1
1
1
1
1
1
2
1
1
1
1
1
1
1
1
2
2
1
1
1
1
1
1
7
1
13
1
1
13
2
1
7
3
3
1
4
31
1
1
2
15
20
2
1
2
1
2
1
1
1
1
1
2
4
1
1
1
4
1
2
1
3
1
5
3
2
1
1
2
4
1
1
1
1
1
1
1
51
2
1
1
2
1
1
18
4
1
1
1
1
1
6
4
5
1
2
9
1
1
5
1
2
3
31
4
1
1
1
1
4
4
1
1
3
1
15
2
1
1
1
2
2
2
5
1
3
1
3
2
2
1
2
3
2
5
6
4
3
5
1
22
14
1
2
4
1
2
1
1
1
4
2
2
4
2
2
1
6
8
2
1
2
1
2
3
1
1
3
3
1
2
1
2
2
4
1
1
1
8
2
7
9
3
1
2
3
3
1
11
1
2
3
1
1
1
1
1
1
1
2
2
2
2
2
2
2
1
1
1
3
2
1
2
1
1
1
5
3
1
1
4
1
1
1
4
7
1
1
1
1
2
3
3
1
5
3
1
2
25
1
1
1
1
2
1
1
3
1
1
2
1
2
1
19
1
1
10
1
7
1
28
1
1
4
2
2
1
14
8
6
3
3
3
2
15
3
1
1
3
2
3
12
1
7
6
9
