10
12
7
2
1
1
1
6
2
1
1
1
2
1
1
3
2
3
1
1
8
5
203
5
7
17
4
1
17
3
2
3
1
4
6
1
3
25
3
13
6
2
3
1
10
5
2
15
14
8
1
2
3
1
2
1
3
1
31
16
2
4
1
35
2
12
4
54
27
1
1
2
1
1
1
2
2
7
2
1
1
1
1
1
16
9
1
7
3
7
13
24
11
2
10
5
17
4
5
2
3
1
1
1
12
10
2
6
31
55
41
21
3
6
4
5
6
2
2
2
2
2
3
2
3
1
4
1
1
1
3
1
3
1
1
4
2
8
2
1
1
1
1
2
1
1
1
1
2
1
1
1
1
1
1
1
1
3
4
2
2
2
3
1
1
1
2
1
1
4
1
1
2
1
1
1
1
1
1
1
1
2
1
1
1
1
1
3
40
3
3
29
1
4
1
3
1
1
3
1
38
40
15
5
1
1
1
1
2
5
9
1
14
1
10
9
2
5
4
1
2
6
7
1
5
3
1
1
1
5
5
6
1
2
4
1
3
1
2
1
26
22
19
61
40
7
7
81
75
23
4
1
1
1
2
45
16
53
9
14
1
4
2
5
3
8
1
2
2
13
18
2
1
2
1
1
1
1
4
1
3
1
2
6
1
1
2
3
1
5
4
5
3
3
2
2
3
1
1
1
1
2
6
1
1
2
2
1
3
3
1
15
14
4
1
1
1
1
13
9
4
1
1
1
3
1
4
17
1
1
11
3
1
2
2
6
3
1
3
6
3
4
6
1
2
6
1
3
9
1
1
1
1
1
6
6
2
1
4
1
3
13
2
5
16
3
3
1
1
3
18
1
5
5
1
1
3
3
9
17
16
5
1
8
6
1
7
2
2
3
2
1
5
2
3
2
3
2
1
1
1
11
13
3
4
5
10
5
3
4
1
5
3
3
24
7
2
25
95
2
2
1
6
4
44
6
4
4
31
38
1
1
5
1
10
89
21
7
51
17
36
3
1
5
2
3
4
4
1
2
1
10
6
2
6
7
7
3
4
4
3
2
2
4
8
2
1
4
1
1
5
4
5
1
1
4
3
5
4
1
1
2
1
3
1
1
1
2
1
2
1
2
1
4
1
2
2
2
1
1
9
2
1
2
2
11
4
7
1
4
3
5
2
1
1
1
1
1
2
5
26
44
5
1
1
1
11
2
1
2
1
6
3
27
1
1
5
1
4
3
10
1
12
4
1
1
4
4
2
33
46
3
12
1
3
5
1
2
1
2
2
4
2
2
4
5
1
2
6
1
1
1
8
87
29
5
34
38
16
1
1
1
1
1
2
1
1
1
2
1
1
1
2
1
3
10
2
2
6
4
4
5
5
1
6
17
20
3
3
3
1
7
5
11
5
1
1
6
2
1
3
4
7
2
4
2
1
4
10
8
12
13
2
15
11
6
3
2
1
1
4
4
2
2
57
10
11
7
38
27
12
1
2
6
1
1
2
1
5
9
2
2
9
1
2
3
12
9
2
4
1
2
1
1
7
1
2
4
2
2
2
1
4
10
3
2
4
1
6
2
5
2
1
1
1
3
3
2
1
1
1
10
1
10
14
1
1
1
1
1
1
1
19
3
49
1
1
5
6
1
2
2
3
7
1
1
3
2
5
1
31
1
1
1
1
1
1
2
3
1
14
7
5
1
1
3
52
2
6
10
1
15
1
3
9
9
18
7
5
4
1
4
2
6
1
1
26
8
1
1
15
12
2
5
12
7
8
13
10
1
7
4
4
1
1
1
1
1
1
2
3
2
6
2
6
17
3
3
17
16
1
3
1
1
3
5
1
1
1
3
11
33
7
1
1
1
5
2
6
1
2
1
1
2
1
1
124
19
1
5
2
1
21
5
27
7
7
1
16
1
3
7
4
1
1
1
1
1
3
1
1
1
18
2
12
1
1
1
1
1
1
1
5
1
20
