1
1
1
6
5
2
2
12
5
8
2
2
1
6
3
1
1
1
1
2
1
1
2
1
1
3
2
1
1
1
3
2
6
7
13
3
4
3
8
2
12
1
2
7
2
2
1
1
10
3
5
7
1
1
12
19
5
2
3
3
2
21
12
6
3
1
10
1
1
1
1
1
2
5
1
2
1
1
1
2
1
1
2
4
1
1
1
1
1
6
1
1
3
1
3
2
7
1
1
2
7
1
4
1
1
4
2
4
6
3
1
1
1
2
1
2
3
2
1
1
1
7
2
1
1
13
4
5
4
2
3
3
2
1
1
7
1
5
1
8
1
13
3
3
23
6
4
1
15
3
13
1
3
2
10
3
17
9
1
11
2
1
2
6
3
3
2
8
1
1
3
1
1
6
1
5
1
1
1
1
1
1
1
1
3
1
1
1
1
15
5
1
4
20
4
3
2
6
1
1
6
16
6
11
8
12
2
2
8
14
80
11
14
9
4
4
1
1
7
5
11
3
2
68
3
1
9
4
5
1
3
1
6
1
2
1
14
6
10
3
1
4
1
2
2
1
3
3
5
6
5
3
3
10
1
2
1
3
6
2
2
4
21
6
7
10
21
5
4
2
5
19
6
5
6
3
1
2
2
1
5
1
8
6
2
2
1
1
1
10
1
4
7
7
2
1
1
3
1
2
1
2
13
12
7
1
5
5
7
12
4
3
10
9
17
9
12
22
2
19
28
20
1
16
2
1
4
3
12
3
7
10
5
1
2
6
4
1
4
6
9
7
20
1
1
5
2
1
1
4
8
5
2
1
6
16
3
1
8
1
4
1
1
1
3
1
1
6
1
7
9
2
3
1
6
6
2
2
17
3
1
1
13
2
4
11
3
16
1
1
1
8
2
5
1
2
2
2
4
1
2
1
1
3
8
7
3
5
4
11
2
4
10
18
1
2
1
1
1
4
3
3
2
2
1
1
1
2
1
6
2
5
5
3
1
3
16
34
1
5
3
15
18
30
26
21
2
4
2
13
19
4
23
1
4
4
6
9
1
8
1
24
60
17
2
21
26
8
6
7
17
4
6
1
1
1
8
3
10
5
6
1
18
36
46
58
23
1
6
4
21
1
14
1
1
1
4
12
4
1
2
4
1
22
1
5
7
1
9
1
6
12
2
15
2
10
20
2
9
12
10
5
1
19
2
3
5
6
4
2
1
3
23
1
261
1
5
5
1
1
1
1
1
1
1
1
11
2
6
10
89
7
5
9
7
14
8
2
1
1
2
2
3
6
1
5
8
6
1
1
1
1
1
1
5
1
1
18
7
7
2
39
1
14
1
10
48
12
1
1
3
1
1
6
1
1
1
8
3
2
8
4
1
1
1
1
25
1
2
1
4
4
3
1
5
5
4
1
2
1
3
9
1
2
9
2
2
3
52
3
7
2
1
6
1
13
1
8
2
1
6
1
2
8
2
32
1
2
16
3
1
2
2
5
1
1
3
2
2
1
3
1
5
1
8
1
3
6
2
2
1
1
7
3
8
6
10
4
1
2
9
6
1
5
7
1
1
1
1
1
4
1
6
2
1
1
1
19
3
1
1
4
1
4
2
3
2
2
2
3
4
2
5
11
5
1
6
8
2
2
5
2
1
8
6
3
2
2
2
5
2
8
2
1
2
2
6
1
1
8
1
15
3
1
1
7
1
1
1
1
1
1
18
3
1
2
30
3
4
3
1
11
1
1
1
3
1
8
3
2
1
1
1
1
9
1
2
3
6
2
12
8
1
2
3
1
1
11
8
1
10
18
2
3
3
5
2
