10
1
1
7
1
1
25
8
3
1
7
2
2
2
3
1
5
1
6
1
2
1
1
3
3
8
1
4
2
2
2
1
6
1
13
1
1
2
1
6
3
10
1
3
1
2
13
67
94
1
7
1
7
4
41
46
7
1
166
55
33
1
24
2
15
17
23
3
5
15
2
269
37
2
7
4
11
35
2
44
29
31
1
24
1
7
21
20
97
2
25
6
2
71
37
35
212
1
2
31
3
1
2
4
2
6
7
7
3
2
2
1
2
1
1
1
1
3
1
2
1
1
1
27
19
1
3
2
23
9
1
1
2
1
3
2
1
6
3
2
6
3
2
1
1
1
3
1
1
38
6
14
13
32
2
1
1
1
5
5
64
1
2
3
1
1
2
1
1
1
1
2
2
1
1
1
2
2
1
2
5
1
1
5
25
3
1
2
2
2
27
2
6
4
1
1
2
3
2
1
1
2
1
1
2
3
3
1
1
1
1
1
4
1
1
1
2
1
3
2
5
2
1
7
1
1
14
7
12
2
27
10
6
7
4
22
3
3
1
1
1
5
7
2
1
6
2
1
6
1
1
5
14
1
4
1
1
30
13
26
1
2
13
10
6
7
2
12
1
2
2
5
12
1
1
1
1
2
1
1
8
10
17
4
24
3
25
3
10
2
1
1
3
3
4
3
2
2
1
1
4
12
26
6
8
11
10
1
4
1
2
17
1
6
1
1
8
1
4
5
20
1
1
2
10
2
12
1
2
8
6
1
5
1
4
1
1
7
1
1
2
1
1
1
2
1
1
1
4
8
4
1
1
1
2
1
1
3
1
4
1
2
1
3
1
5
1
1
5
1
2
1
2
1
1
1
1
1
1
1
1
1
1
1
1
1
5
2
2
2
2
2
1
1
2
2
1
1
1
1
1
1
1
1
1
1
1
1
1
3
4
2
1
1
1
1
2
1
1
1
1
2
1
1
1
1
1
1
1
4
1
10
16
7
10
1
2
7
3
1
27
2
10
4
2
2
1
1
1
20
16
2
8
2
6
7
7
7
2
1
1
1
1
1
1
1
1
1
3
1
5
2
2
1
2
1
2
1
2
1
1
1
1
2
41
1
1
4
1
1
1
6
7
1
3
1
4
3
5
2
7
16
25
1
2
1
13
24
19
12
7
1
1
1
8
13
3
1
4
1
1
1
7
4
12
4
1
1
1
2
5
1
6
1
5
1
1
1
2
1
1
3
2
1
1
2
4
4
1
1
1
1
1
1
1
1
1
1
3
1
2
1
2
1
1
1
1
1
1
1
1
1
1
1
1
1
1
1
1
1
1
1
5
12
1
1
2
1
2
1
8
8
6
3
4
4
6
1
3
18
5
6
18
4
1
22
22
68
12
1
1
13
1
1
14
2
2
8
2
6
1
37
1
5
7
19
1
1
1
3
1
1
2
2
1
1
1
1
4
6
1
1
1
1
3
2
4
1
4
1
1
1
1
1
1
1
2
2
1
1
1
2
5
1
1
1
3
3
1
1
1
1
4
1
2
1
6
4
2
12
16
3
29
3
5
1
2
1
1
1
1
1
1
1
1
1
5
1
1
5
4
15
3
14
1
5
4
1
1
5
1
1
1
1
1
2
1
4
1
3
4
1
2
1
1
1
2
