11
3
11
8
8
1
1
2
21
7
7
7
1
1
1
4
7
6
2
12
3
1
5
3
1
1
1
1
1
1
4
4
3
1
2
1
3
1
2
14
1
6
3
1
1
2
1
5
1
1
1
1
2
11
2
10
13
7
8
1
8
5
5
5
8
7
2
9
1
2
3
2
2
2
1
2
6
4
1
2
14
2
18
1
8
5
4
1
2
4
2
4
5
7
8
1
6
1
2
3
8
1
2
7
1
4
22
2
2
1
2
1
1
1
5
7
7
2
1
1
4
27
22
3
1
2
1
1
4
3
3
2
3
4
2
1
11
1
6
14
15
5
2
2
4
2
1
1
1
1
1
3
6
4
1
2
3
2
4
11
10
7
16
13
1
6
2
2
2
3
4
10
1
2
2
6
10
15
1
4
1
1
1
4
1
6
1
1
12
4
5
1
1
1
6
2
2
5
16
19
4
9
5
2
6
4
9
1
10
3
33
6
2
2
2
4
2
1
1
3
1
4
15
1
10
1
2
1
10
1
1
1
1
14
2
4
2
17
2
2
27
1
1
1
1
1
1
4
4
10
4
1
10
16
11
1
11
3
24
2
2
4
3
1
2
12
1
19
4
4
8
1
1
5
1
10
4
8
1
1
3
5
8
8
2
1
2
3
2
1
8
4
1
1
10
1
1
4
10
7
6
2
1
4
1
5
12
18
23
7
24
4
1
1
6
1
5
1
1
26
2
2
29
4
8
3
5
4
2
2
3
1
2
5
9
3
2
1
1
2
4
1
7
2
3
2
2
7
4
7
4
2
4
2
11
1
1
1
14
1
1
2
1
12
6
5
16
8
11
2
19
6
3
5
8
3
5
5
11
9
8
13
7
13
22
1
2
5
1
3
6
3
1
7
1
2
1
14
23
10
1
3
2
11
2
5
4
1
1
1
3
1
1
2
1
8
17
1
2
2
30
1
6
8
41
1
24
5
21
2
9
11
4
9
4
12
4
7
22
7
3
10
1
4
3
4
39
4
6
29
3
1
4
1
1
18
1
6
1
1
1
1
1
5
1
1
2
1
2
13
3
7
24
2
9
10
1
8
8
7
2
4
8
15
7
38
7
3
5
2
2
3
1
4
2
1
8
1
1
3
4
5
1
6
2
9
16
9
1
7
3
1
4
11
7
10
10
5
1
5
3
9
1
6
1
3
2
5
5
3
3
2
3
1
1
4
6
4
29
3
1
1
4
2
3
1
1
12
8
1
2
3
1
1
1
1
7
3
5
1
2
2
6
1
1
1
1
6
11
5
6
1
4
4
12
8
3
10
12
1
5
2
15
5
1
2
1
1
6
3
1
5
3
4
6
1
1
1
2
2
1
5
15
1
11
7
5
4
3
5
14
4
6
2
10
7
1
1
1
5
6
2
3
7
31
1
8
1
5
1
1
9
3
4
6
5
1
11
8
11
1
20
2
1
3
8
13
4
5
4
3
5
6
7
1
11
8
5
1
1
1
3
1
3
1
1
1
3
1
7
2
1
3
1
3
17
25
2
8
2
1
9
2
5
4
1
1
14
7
5
2
4
1
1
14
4
5
5
1
4
6
8
1
2
5
3
1
1
3
1
11
4
12
5
6
2
4
11
3
23
5
1
11
3
4
4
14
1
1
7
1
9
5
2
2
4
2
2
9
5
12
1
2
5
1
2
4
1
1
1
4
4
4
2
9
8
1
1
1
5
6
9
7
1
4
2
2
2
3
2
3
2
1
2
3
4
2
12
5
4
1
1
1
3
5
1
1
1
4
6
2
2
1
2
4
1
4
2
1
1
9
8
1
1
2
5
11
3
8
4
1
2
1
1
13
3
5
1
