14
3
7
2
4
3
7
1
1
1
1
3
2
2
1
1
1
3
4
2
3
1
3
1
1
1
6
1
1
3
1
1
7
1
1
1
2
1
1
1
2
5
2
3
3
8
3
1
11
1
1
1
3
17
1
2
4
5
1
2
6
1
4
8
3
2
1
1
1
14
6
1
1
4
5
9
7
1
6
4
2
1
1
11
10
2
15
1
1
10
7
9
2
1
5
1
1
1
1
2
1
11
3
1
1
2
1
1
2
1
2
1
1
1
5
1
1
20
1
2
1
2
3
13
2
1
1
9
4
8
2
1
2
1
5
7
3
1
1
4
2
2
3
2
2
2
2
2
2
3
1
4
6
4
1
11
1
2
10
6
3
2
7
8
7
4
8
1
6
4
2
2
3
26
4
1
3
1
1
1
1
1
4
2
12
2
3
1
3
2
2
6
6
1
2
5
3
6
2
1
8
5
1
2
4
1
3
8
5
22
8
6
1
4
1
1
2
2
1
5
12
2
1
1
7
6
2
6
4
2
3
4
4
1
5
4
1
3
4
18
12
11
2
3
1
3
5
1
3
6
11
2
4
7
1
1
5
2
1
11
6
2
3
4
1
9
2
7
6
3
1
5
1
3
8
1
5
5
4
2
3
15
2
2
5
1
1
4
9
2
1
4
2
4
5
6
10
15
1
3
2
8
1
21
9
3
1
5
1
8
7
12
2
1
2
2
3
5
2
5
14
2
1
7
1
6
2
1
1
5
1
1
1
1
2
1
14
2
3
4
10
2
6
2
2
2
7
1
1
1
1
3
7
2
12
19
2
2
2
6
4
5
1
1
1
14
6
1
6
7
1
5
2
3
16
6
7
21
2
14
10
12
4
2
5
6
2
1
1
5
3
2
2
1
6
4
11
9
23
1
2
4
3
5
6
9
1
2
1
5
4
2
1
4
7
2
4
12
19
3
3
1
1
1
1
1
1
2
1
1
1
1
1
1
5
1
1
1
2
13
8
2
1
1
3
1
3
1
2
2
1
1
1
8
4
1
1
2
2
3
9
1
2
2
2
2
2
1
2
9
5
1
1
6
3
10
2
2
8
1
13
2
14
1
1
2
2
1
6
7
3
1
1
3
5
6
11
1
1
1
1
2
1
1
3
1
5
1
8
1
1
1
6
4
4
12
2
1
7
3
1
1
7
1
5
6
1
5
1
7
1
2
1
7
10
2
4
2
4
1
3
8
1
6
1
1
1
3
1
8
2
3
2
1
2
6
4
1
1
1
1
5
3
1
1
2
1
8
1
2
3
3
1
1
1
2
1
1
2
1
4
2
1
2
1
1
12
8
2
4
1
2
4
1
1
1
1
1
7
7
1
4
1
5
1
2
1
2
21
1
1
1
5
7
1
3
3
1
1
1
1
1
7
4
3
2
4
11
3
2
2
3
9
1
1
1
1
27
3
3
1
4
3
8
2
1
1
4
3
8
2
11
1
1
1
3
1
2
6
7
1
5
3
3
1
3
1
4
5
1
1
1
5
1
2
1
1
1
3
1
4
1
1
1
2
7
1
1
3
11
1
6
1
4
1
1
3
1
1
2
1
1
2
2
8
5
1
3
22
1
1
1
7
2
9
5
2
1
3
1
10
6
7
8
11
4
3
9
13
2
2
1
2
8
2
1
1
2
1
1
4
1
1
1
1
4
3
6
8
2
1
1
2
1
1
1
14
5
13
7
2
12
2
3
2
3
1
12
1
4
1
12
2
2
5
2
2
1
3
1
1
8
2
8
1
6
4
1
8
1
5
3
2
1
1
3
4
3
4
3
5
2
3
4
12
3
3
1
1
4
16
3
3
11
1
1
1
4
2
1
11
5
2
4
2
2
2
12
2
8
2
1
3
1
2
8
3
2
6
13
1
17
17
4
3
1
10
1
4
1
16
3
21
2
6
1
7
8
2
6
1
4
17
1
1
1
6
1
1
1
6
1
1
1
15
1
3
15
3
6
6
1
1
3
9
21
38
1
2
2
27
11
5
1
8
2
1
1
1
2
8
1
1
1
12
1
2
1
4
7
5
2
9
5
1
5
3
7
3
1
1
8
10
2
5
5
21
12
4
5
1
2
7
1
4
1
7
3
3
1
1
1
1
3
1
1
1
1
1
1
1
1
1
1
1
1
1
1
1
1
4
1
1
1
1
1
2
1
2
1
1
1
1
1
