1
1
2
1
1
2
3
1
3
1
1
1
1
3
4
2
1
2
3
1
1
5
1
2
1
1
4
1
1
5
3
2
5
1
2
1
2
2
4
2
3
2
1
1
1
1
1
1
2
1
1
1
1
3
2
1
1
1
2
1
1
2
1
1
2
1
1
2
3
3
1
2
1
1
1
1
3
1
1
4
1
1
1
1
1
2
2
1
1
1
2
1
5
1
2
3
3
1
1
3
1
1
1
1
1
1
1
2
1
4
1
1
1
1
1
2
1
1
1
2
1
1
1
1
1
1
2
1
1
2
4
2
9
2
1
2
2
3
6
3
2
1
3
3
4
2
2
1
1
1
1
1
1
1
3
2
1
1
1
3
1
1
1
1
1
4
1
4
2
2
2
1
3
6
5
1
5
2
1
1
1
1
1
2
2
2
1
5
1
3
2
6
1
12
2
3
1
1
2
2
1
1
1
4
2
1
5
5
9
2
4
2
6
3
1
2
1
1
2
3
1
1
1
1
1
3
1
1
2
5
1
1
1
1
3
1
4
3
1
3
1
1
1
2
1
2
4
6
1
1
1
1
1
3
2
1
1
1
1
3
1
1
2
1
4
1
1
1
1
2
5
2
3
3
1
2
1
2
1
2
2
2
1
1
1
1
2
1
4
3
1
1
2
1
13
3
1
6
1
1
1
1
1
2
1
1
1
7
1
1
1
2
1
2
4
1
1
2
1
3
2
1
9
2
1
1
1
1
1
1
2
2
1
1
4
2
1
1
1
1
1
2
3
5
3
6
9
7
1
2
2
1
1
2
1
1
2
3
1
1
7
3
1
1
1
1
1
2
1
7
1
1
14
1
3
1
1
1
1
1
1
1
1
7
6
1
2
5
3
2
4
4
2
1
2
1
2
1
1
1
1
5
5
1
1
1
2
4
4
1
12
2
1
1
1
7
2
2
1
1
1
1
3
1
1
2
1
3
1
3
1
4
9
3
2
1
1
1
1
4
1
1
1
1
1
1
1
1
1
1
3
1
1
2
1
1
1
1
2
1
3
3
2
2
2
1
1
1
3
15
3
2
1
3
3
11
2
2
1
1
2
1
2
2
1
2
1
6
1
6
9
1
1
1
1
1
1
1
1
1
1
1
1
1
1
1
1
3
2
11
10
4
2
1
1
1
1
1
3
1
2
1
1
1
1
1
1
1
1
6
2
16
1
1
1
1
1
1
2
1
1
1
1
8
3
2
1
1
1
1
1
3
1
1
3
2
1
1
10
1
1
1
2
1
1
1
4
3
1
1
3
1
