1
1
2
3
3
1
1
1
1
1
14
5
4
2
2
2
1
1
1
1
2
1
2
2
1
2
1
3
2
3
2
3
2
1
1
4
1
3
1
1
1
1
1
1
1
1
1
1
3
2
1
2
3
1
2
2
7
6
1
1
1
1
1
9
2
3
2
6
3
1
1
1
1
3
2
2
2
1
1
2
1
4
1
1
20
5
1
2
2
1
1
1
1
3
2
1
4
1
1
1
1
1
1
9
1
1
2
5
2
3
1
8
17
3
1
4
6
20
1
1
1
1
1
2
4
18
6
3
1
5
1
2
1
1
1
1
3
11
3
10
2
1
1
1
1
5
5
4
7
1
2
1
6
1
1
1
5
10
1
4
3
1
11
1
1
6
7
1
1
1
1
1
1
1
1
1
1
1
1
1
3
1
2
2
1
3
1
1
1
2
1
2
1
1
2
3
2
3
1
1
1
2
2
1
3
12
1
2
1
3
1
1
1
1
1
1
1
1
2
1
1
1
3
1
1
1
2
1
1
1
1
2
1
1
1
11
6
7
4
2
1
1
2
1
2
1
1
1
1
1
1
3
3
1
4
1
1
3
8
2
1
23
21
7
1
15
10
4
6
3
1
2
1
7
1
5
2
2
6
1
1
2
1
1
3
2
1
14
1
1
3
7
1
1
4
2
1
5
3
2
1
1
2
14
2
11
4
4
6
1
8
2
5
2
1
4
3
6
1
8
14
2
1
1
3
19
3
2
2
4
23
2
4
4
5
3
4
12
4
1
2
1
1
1
2
2
1
13
18
3
2
1
6
2
1
7
3
1
3
9
2
2
2
5
5
17
1
3
8
1
1
1
1
2
1
1
2
1
3
1
1
2
1
3
1
1
4
5
5
6
1
1
4
1
2
1
1
1
1
2
1
2
3
1
1
1
1
1
2
1
2
3
1
5
2
1
2
1
3
3
7
3
32
1
8
9
16
10
17
10
3
5
4
11
1
1
3
1
1
3
3
3
3
17
15
1
1
1
1
5
1
1
3
3
3
1
2
2
3
3
3
12
1
8
13
4
1
3
2
1
2
3
4
6
6
2
2
2
3
6
2
1
1
3
1
9
7
1
1
1
1
1
2
1
1
6
1
1
3
1
1
1
1
7
2
1
11
2
2
2
3
1
6
1
6
2
1
1
3
5
2
4
20
1
2
1
1
2
4
3
2
2
5
1
1
1
1
1
1
4
8
15
6
8
1
1
1
1
1
2
2
1
1
2
1
1
6
1
4
5
1
1
2
27
5
1
1
1
1
1
1
1
1
1
1
17
2
1
3
1
2
1
1
1
2
1
3
1
3
3
2
1
2
1
1
2
4
2
2
13
7
1
3
3
2
9
9
16
10
1
2
3
5
2
1
1
1
5
2
2
1
2
4
3
2
1
1
3
6
7
2
1
1
1
1
1
1
1
1
1
1
1
1
1
1
11
1
7
8
1
2
1
1
2
8
2
1
1
1
2
1
4
1
1
2
1
1
1
2
2
3
1
1
2
1
1
6
1
1
1
1
2
2
4
1
10
5
1
11
8
16
6
1
4
1
1
1
6
1
1
2
1
1
4
3
1
4
1
12
1
3
2
4
6
7
2
1
1
1
2
1
4
10
1
2
1
1
1
1
1
1
1
1
1
1
1
2
1
1
1
1
3
1
6
1
2
1
1
1
2
14
7
12
15
2
3
6
6
1
16
1
5
4
1
1
2
2
1
2
3
1
1
5
1
1
10
1
11
1
2
1
1
1
2
2
1
1
1
1
2
11
1
1
7
22
1
1
1
1
17
1
2
31
4
11
1
1
2
2
2
1
3
6
3
24
1
4
4
8
3
1
1
2
3
3
1
3
2
5
1
1
4
5
1
5
11
8
1
2
1
1
2
2
1
1
1
1
1
1
2
1
1
2
2
1
1
2
1
1
1
2
1
1
1
1
2
1
1
1
1
1
1
1
1
2
3
7
1
1
1
1
1
1
1
3
3
1
2
3
1
2
5
1
2
2
7
9
2
1
1
1
1
4
3
26
1
4
4
8
5
3
1
1
1
1
1
2
1
1
1
1
1
2
1
1
1
3
3
11
1
10
3
1
1
5
1
1
1
2
1
7
2
1
3
8
1
2
3
19
21
6
7
2
1
2
1
1
1
3
1
1
7
10
1
1
1
1
1
1
1
1
1
3
2
1
1
3
1
2
1
1
1
2
1
3
1
2
1
4
3
3
3
1
3
3
2
2
1
4
2
1
1
3
6
2
4
1
4
2
2
1
1
1
15
6
1
2
1
1
2
1
1
1
2
3
3
2
5
3
1
2
1
1
1
1
1
3
1
1
2
1
1
2
1
1
1
1
1
1
2
2
1
1
2
1
2
1
2
1
1
1
1
4
1
1
1
2
1
3
1
1
2
1
1
1
3
1
3
1
3
4
5
2
7
1
1
4
5
3
1
2
1
2
2
2
1
4
3
1
3
2
2
1
1
9
2
1
1
3
2
5
1
3
1
5
2
2
3
1
3
1
1
3
1
1
1
1
1
1
1
5
4
1
1
8
5
24
11
1
1
3
1
4
3
1
4
2
9
6
13
4
12
12
1
2
1
3
2
15
4
1
3
4
7
1
5
1
1
1
2
1
1
2
10
4
7
29
6
9
10
1
1
1
1
10
31
1
9
3
1
11
3
16
5
6
4
3
8
5
2
7
1
1
1
1
1
3
14
10
2
6
4
2
5
2
1
15
3
14
7
20
1
5
1
1
1
3
1
1
1
1
1
2
2
3
2
1
2
2
3
4
1
1
1
1
2
2
2
2
2
7
11
2
4
13
1
1
5
