1
3
5
1
51
31
12
57
8
61
9
10
1
1
1
1
1
5
2
1
6
5
2
2
7
101
3
4
8
4
11
12
1
8
38
39
6
27
1
1
5
7
1
1
9
7
1
1
3
10
18
8
6
1
26
7
5
32
3
3
7
6
21
29
5
2
6
2
3
3
2
2
7
3
1
1
4
12
2
1
5
2
1
1
4
12
1
6
43
5
4
1
1
12
5
89
22
1
16
1
1
6
7
9
6
26
7
5
1
5
3
7
1
10
7
7
2
3
1
2
1
7
7
3
1
1
4
2
6
1
1
2
13
10
1
2
27
4
7
1
1
1
1
1
1
7
7
1
3
1
3
1
2
1
3
1
21
7
3
3
1
2
4
1
1
1
1
4
7
2
2
5
1
2
1
1
1
13
28
1
69
3
8
2
2
1
2
1
1
1
1
1
2
1
1
1
4
1
8
1
7
12
2
3
1
2
5
1
2
12
2
6
5
7
2
7
2
1
1
1
4
8
3
1
1
1
1
1
2
6
1
1
1
7
42
12
4
2
2
44
24
5
17
36
3
5
3
2
5
3
7
1
2
7
2
4
1
1
1
2
1
1
1
3
6
1
8
9
6
3
4
1
1
3
5
1
4
18
50
17
14
14
20
3
10
63
15
1
3
139
112
1
1
1
1
1
2
6
3
2
1
1
3
8
17
2
1
4
2
2
3
3
1
1
1
1
19
5
50
18
2
3
1
18
104
41
11
17
23
11
1
6
15
4
3
3
2
4
13
6
2
1
2
1
2
4
8
7
5
2
2
3
10
18
1
29
1
38
9
2
43
18
44
2
1
2
39
21
3
1
2
204
2
1
10
145
22
104
2
2
7
2
1
5
8
2
1
4
4
5
4
3
19
2
1
3
18
13
56
2
1
1
1
1
7
9
7
5
4
8
6
4
4
1
1
1
1
1
1
12
27
5
43
10
21
1
22
1
1
1
1
7
6
3
1
1
4
2
4
4
1
1
2
1
1
5
3
1
2
3
1
13
1
8
4
14
1
1
1
1
1
4
3
2
1
7
4
1
4
2
1
2
2
8
1
1
1
3
3
6
10
17
31
1
1
1
2
1
1
5
1
1
14
12
10
1
3
2
1
1
1
1
1
2
1
1
1
1
1
1
1
3
3
2
1
8
5
1
1
2
1
1
3
1
1
1
2
1
1
1
1
7
6
13
5
34
3
14
10
26
11
13
9
3
1
10
10
1
1
5
5
6
4
5
2
2
2
2
2
1
1
1
5
2
2
5
2
2
6
1
1
1
1
1
2
5
6
7
6
24
5
1
2
3
7
2
1
5
1
4
6
2
1
1
2
1
3
3
10
2
11
6
172
1
1
1
1
1
1
1
2
1
1
1
1
1
1
1
1
1
1
1
1
1
1
1
1
1
1
10
37
1
1
2
2
1
10
3
2
2
2
2
1
2
1
5
1
15
3
2
2
1
1
2
1
1
1
7
50
4
4
76
10
17
11
2
1
1
9
26
60
15
12
49
4
21
8
18
1
1
2
14
2
1
15
1
1
1
2
132
57
4
32
32
11
2
1
26
1
1
2
1
2
1
6
3
7
1
4
1
3
2
1
7
3
5
5
2
