1
1
1
1
2
1
1
5
1
3
1
10
1
2
3
1
1
1
1
1
1
2
3
4
1
9
23
3
1
1
4
1
1
1
1
1
2
4
1
1
1
4
3
2
3
1
1
6
4
3
2
1
1
4
1
3
9
1
4
4
1
7
2
2
21
10
1
1
2
1
1
2
1
1
2
1
5
1
9
2
12
1
17
10
34
2
5
2
15
3
9
8
1
1
1
1
1
5
1
1
1
1
1
1
2
2
1
1
1
2
1
1
2
1
2
2
2
1
2
1
1
1
1
1
1
1
1
1
2
1
1
1
2
1
1
3
1
3
1
2
1
3
1
2
1
4
1
2
1
1
1
10
1
2
3
2
1
1
3
3
3
11
11
5
10
10
2
2
1
14
1
1
2
2
1
2
2
1
1
2
11
7
13
6
9
1
5
21
1
1
4
4
5
1
1
1
3
3
4
2
3
1
1
2
1
3
2
5
7
3
4
3
2
8
4
1
3
6
1
4
1
1
1
1
1
1
1
3
10
1
1
8
1
1
5
3
1
2
6
14
1
1
7
5
1
10
23
9
3
2
1
1
4
7
1
2
21
1
1
2
1
1
1
3
2
1
1
1
3
1
1
6
3
2
6
9
7
8
1
1
1
7
8
1
5
4
3
2
2
6
2
1
1
1
1
1
4
1
1
2
2
10
1
1
9
1
5
7
7
7
1
5
7
5
5
1
1
8
5
18
6
6
4
4
16
8
18
6
5
10
12
5
8
12
46
6
3
2
4
2
3
25
3
4
3
11
1
7
4
8
1
1
7
1
7
5
4
2
7
24
1
3
2
1
3
1
2
2
1
2
4
6
8
3
8
1
1
2
3
2
2
3
9
1
2
1
13
2
5
10
4
4
3
3
2
5
5
15
9
11
25
6
11
5
4
18
9
12
1
9
2
11
4
1
2
7
1
2
1
1
14
13
6
3
1
6
3
1
12
8
1
9
1
1
1
2
1
1
2
4
8
1
28
8
2
6
10
4
10
24
1
8
3
2
2
10
6
31
5
1
2
5
2
5
8
1
5
4
2
5
2
1
5
4
9
5
37
5
10
1
8
4
26
27
2
15
6
4
7
1
1
3
7
4
5
4
1
1
7
11
10
6
2
5
10
5
5
1
4
1
3
8
2
1
1
1
2
17
2
16
23
5
6
16
2
2
19
2
11
2
4
7
1
4
2
4
1
2
10
9
11
7
8
6
3
1
7
3
1
1
2
20
2
3
1
3
2
5
9
1
17
1
17
3
1
2
1
4
2
1
1
1
1
2
2
1
2
4
1
1
1
1
3
2
4
2
2
1
1
6
1
2
2
11
1
2
16
22
50
17
25
36
2
1
43
11
5
1
62
5
56
68
15
1
4
1
11
24
10
7
25
34
3
32
2
32
6
5
2
8
2
1
