1
3
1
1
3
2
1
1
2
4
2
5
8
4
1
2
1
1
1
1
1
1
10
1
2
2
2
1
2
7
1
1
1
1
1
1
1
3
13
3
1
1
1
1
1
1
24
25
4
2
1
2
3
1
3
5
8
1
12
4
8
1
1
8
11
5
3
7
3
12
1
1
28
8
2
1
1
1
1
3
4
5
1
3
1
1
1
1
1
1
1
1
3
1
2
4
6
6
4
1
1
1
1
10
2
1
9
1
1
2
1
1
1
4
1
1
15
4
7
11
30
5
7
4
1
8
1
4
2
4
6
14
4
5
5
3
1
9
4
8
9
2
2
3
1
1
1
3
1
8
3
8
3
1
1
1
1
3
1
1
2
1
1
2
2
1
2
6
1
1
1
1
7
16
2
5
13
1
5
4
11
16
6
1
1
4
5
4
1
1
1
8
5
2
5
1
1
3
1
9
2
2
4
3
1
4
7
4
4
6
4
3
1
1
1
2
1
3
3
2
2
6
1
1
1
1
1
1
1
1
1
6
4
1
6
1
2
6
14
1
1
1
2
1
1
4
2
1
1
8
1
2
6
6
2
1
1
1
4
8
3
5
2
2
7
9
5
7
4
1
1
1
1
1
2
1
7
4
9
1
1
11
2
3
1
2
7
5
7
2
3
1
1
1
6
5
2
10
3
1
1
5
13
6
3
2
1
4
1
9
12
14
1
1
1
2
6
4
2
2
4
2
4
6
1
2
1
4
1
3
1
1
1
1
1
1
3
2
2
13
5
9
5
9
1
2
1
2
3
8
6
1
11
1
1
3
13
2
1
7
3
3
1
1
1
1
7
13
9
6
1
1
1
8
1
2
2
1
1
1
1
1
1
4
1
1
1
1
1
1
1
1
3
2
7
1
5
1
3
1
1
4
2
1
3
1
4
1
1
1
5
1
5
1
2
1
1
2
3
1
2
1
1
2
1
1
2
2
1
1
4
2
10
3
1
1
11
4
4
1
3
2
2
1
10
1
3
2
1
1
2
1
2
7
5
3
20
1
4
1
3
1
3
1
1
1
5
1
5
2
2
1
5
2
4
2
2
4
1
2
1
3
1
1
1
1
1
1
1
2
2
1
1
1
4
1
1
3
5
7
6
3
8
1
1
1
1
1
1
1
2
4
1
3
2
1
2
13
4
3
19
1
16
6
12
2
7
8
1
3
2
1
3
1
1
1
2
1
1
1
1
3
3
3
1
7
10
1
2
4
5
3
1
1
2
1
1
1
4
9
1
3
5
7
12
7
6
1
1
6
7
3
6
2
1
5
4
2
2
5
1
9
1
3
1
1
1
1
2
1
3
2
3
1
1
1
1
1
1
1
1
8
3
1
11
1
2
1
2
5
3
9
1
1
1
4
2
2
1
2
23
1
2
5
1
3
1
1
1
2
7
1
1
1
4
2
2
1
1
1
2
6
1
2
5
1
2
2
1
1
20
2
5
2
2
13
3
2
6
2
1
5
1
1
1
1
1
5
1
3
4
1
5
1
5
1
1
1
2
3
1
1
1
1
1
5
5
12
4
2
3
1
1
2
1
1
1
1
2
6
4
3
3
2
2
2
2
1
11
10
1
1
4
1
1
1
1
1
3
1
2
3
8
4
12
1
2
2
1
1
1
1
3
12
5
5
4
1
3
1
1
5
1
9
4
3
1
10
2
8
1
6
5
2
1
1
1
1
1
1
8
1
2
1
1
2
17
4
1
1
10
5
1
1
1
16
15
3
1
1
1
1
2
1
1
10
3
4
3
1
1
1
1
1
1
2
5
8
3
2
1
1
1
3
1
1
1
1
1
1
1
1
2
1
7
3
5
7
2
2
6
1
1
1
1
4
2
1
4
4
2
1
1
2
1
3
29
8
5
1
1
1
1
1
6
5
1
1
1
1
2
2
1
9
21
2
4
3
3
11
2
6
7
1
2
1
1
4
1
1
1
3
8
7
2
1
2
1
1
1
1
1
1
2
2
3
12
20
6
11
1
3
5
1
1
2
1
3
7
1
1
1
1
2
1
2
4
9
2
2
1
3
2
1
2
1
6
4
3
6
1
3
1
1
1
1
6
1
3
1
5
1
6
2
3
2
2
1
1
1
3
7
2
1
3
4
4
2
1
1
1
1
2
2
6
1
10
4
1
3
1
1
1
6
2
3
1
1
1
1
1
1
1
3
7
13
1
5
14
1
8
2
2
5
5
1
1
2
8
1
1
1
2
1
1
1
1
2
1
1
1
1
1
1
8
16
5
2
22
4
2
1
8
9
3
2
1
1
2
1
1
2
3
1
1
1
2
7
1
5
2
2
1
6
1
1
