4
2
1
4
7
3
2
9
1
7
4
3
1
4
1
3
19
3
1
3
2
1
1
3
1
2
1
3
1
1
2
1
1
1
2
3
2
5
1
4
1
1
4
2
3
2
6
18
2
2
1
1
2
2
2
1
1
1
1
1
1
1
1
2
6
1
4
1
2
1
1
1
1
1
2
4
1
1
1
2
1
4
2
1
5
1
1
1
1
1
1
10
1
1
1
1
1
1
1
3
4
1
4
2
1
4
1
2
1
6
6
2
1
7
1
8
3
13
4
1
7
2
3
2
2
3
1
4
3
1
1
1
1
1
1
3
1
1
1
1
2
1
2
1
4
2
1
2
5
1
1
6
5
5
1
5
1
2
1
1
1
1
1
1
1
1
1
1
3
16
1
1
5
8
7
6
8
1
1
1
8
2
1
1
6
1
1
1
1
3
2
1
1
1
2
3
1
1
4
1
5
2
1
2
1
1
1
1
4
3
5
3
1
1
3
1
1
1
1
3
6
3
4
1
1
7
2
2
1
3
2
7
3
2
6
1
2
1
1
2
1
1
2
5
1
1
1
4
3
1
1
2
3
1
1
1
1
1
1
4
2
8
1
1
1
1
3
3
2
1
2
2
1
1
1
1
1
1
2
1
1
3
6
1
1
1
4
1
1
1
2
2
13
3
7
3
2
4
7
1
1
7
1
1
2
1
1
4
1
3
1
3
2
1
2
1
3
1
1
2
1
2
3
5
3
2
1
3
1
1
8
1
2
1
1
1
3
1
2
2
12
1
2
1
1
1
1
3
1
1
1
1
2
1
1
2
6
1
2
1
1
1
1
2
2
3
1
1
4
5
1
1
1
2
1
1
2
2
7
2
9
1
9
1
1
2
1
2
3
1
1
3
3
1
1
3
1
2
1
3
2
1
1
2
7
1
1
1
1
1
1
7
6
4
9
10
2
1
1
6
2
2
1
1
1
1
2
1
2
2
1
1
1
2
7
9
12
6
2
3
3
2
8
1
1
2
6
3
9
2
2
3
3
2
5
1
1
7
1
2
1
7
2
1
2
4
1
2
6
3
2
1
3
3
1
2
2
2
1
1
4
1
7
3
4
6
2
2
3
1
3
1
10
6
3
4
8
16
3
4
1
2
1
1
1
1
2
3
1
7
7
1
5
3
4
4
3
13
1
1
1
1
1
1
3
2
1
1
1
1
1
6
1
1
1
7
1
2
8
12
7
3
1
1
2
1
3
3
1
1
1
1
2
4
5
3
2
3
4
9
8
3
1
1
3
1
3
10
1
1
4
2
2
4
7
3
4
2
3
1
3
1
2
2
2
1
1
1
1
1
1
2
6
1
2
3
1
1
2
2
10
1
1
5
1
2
2
4
2
2
2
7
1
7
8
1
2
2
2
4
2
1
5
2
5
2
7
7
1
1
3
8
5
2
1
1
1
1
1
3
1
3
2
5
1
2
1
1
1
1
1
1
4
2
2
3
1
2
2
1
2
1
1
5
3
1
8
3
1
7
4
5
6
5
1
2
1
1
1
2
2
3
