1
1
1
4
1
2
5
2
1
1
11
2
7
6
1
6
18
1
1
1
2
1
9
3
1
5
7
1
1
6
16
2
4
1
1
1
2
3
2
7
3
7
1
4
4
2
2
1
3
1
2
2
1
2
16
8
2
7
3
5
10
1
1
1
2
2
1
3
1
5
1
2
1
1
8
4
1
1
2
2
2
8
1
2
5
4
4
1
2
2
1
2
1
2
4
2
4
6
2
1
2
11
5
19
7
5
2
3
2
1
3
1
1
7
4
1
1
1
1
4
2
2
3
2
7
1
3
1
1
2
3
1
1
1
9
7
2
6
1
2
7
2
1
1
1
1
12
2
1
1
1
7
4
2
4
8
2
1
6
3
2
1
7
1
1
3
1
1
1
4
1
2
2
2
4
1
1
1
1
1
4
1
9
1
3
9
3
1
1
1
1
1
1
7
7
1
1
4
7
2
6
15
1
1
1
1
1
1
1
12
5
1
4
9
1
2
1
7
3
1
1
3
1
2
3
4
1
1
1
1
2
3
1
1
2
3
4
1
1
10
2
2
5
2
1
1
3
3
1
1
4
2
1
1
1
1
3
1
1
1
1
3
1
1
1
1
1
2
3
1
1
9
1
1
1
3
2
6
6
1
1
1
1
2
2
2
2
1
1
1
1
2
5
2
1
2
1
1
2
1
4
1
5
1
6
1
2
3
5
1
1
5
3
1
6
5
1
2
3
1
1
3
4
2
1
23
3
1
10
1
1
5
1
2
1
3
1
1
1
1
1
1
1
1
1
1
4
1
3
1
1
1
3
1
1
1
2
1
1
1
1
1
1
1
5
1
1
2
1
4
1
18
3
1
3
1
2
6
3
16
5
1
2
7
4
2
2
2
1
3
2
3
9
1
2
3
1
6
2
3
2
5
6
2
1
1
1
1
5
3
2
1
6
6
4
5
6
3
1
6
1
1
1
4
1
2
3
5
2
1
3
4
1
1
1
5
7
1
2
1
1
1
3
3
6
6
1
13
3
1
1
2
2
1
2
1
1
10
2
4
1
5
2
3
1
1
12
3
5
5
1
1
