1
10
3
1
2
2
2
3
1
1
2
2
2
5
1
2
1
14
1
1
2
1
2
5
3
2
2
1
4
3
5
1
3
16
4
9
2
2
8
1
5
1
1
1
3
1
4
2
1
1
2
2
12
1
19
60
5
3
20
1
4
9
17
23
7
1
3
4
1
4
1
1
1
19
3
9
1
10
5
1
16
11
1
4
1
12
1
14
1
2
1
2
1
6
5
1
1
4
1
1
1
5
1
2
2
3
2
4
2
3
5
1
1
1
1
4
3
1
1
1
1
1
1
1
2
2
1
2
2
2
1
3
1
2
1
1
1
1
1
1
1
1
2
1
1
2
59
3
10
26
1
1
1
1
1
1
1
1
1
1
3
4
2
2
6
5
2
1
1
2
3
1
1
1
1
1
4
2
4
1
11
1
1
1
1
2
2
1
17
8
1
1
1
1
3
3
1
2
6
4
3
1
1
5
1
1
1
1
1
2
1
1
12
2
2
1
2
1
1
7
2
2
2
2
1
2
1
17
15
5
2
2
9
8
1
1
1
1
2
1
1
1
1
1
5
3
3
1
15
46
1
4
8
1
2
2
2
1
3
1
14
5
2
1
1
1
3
3
6
1
1
1
1
4
4
5
1
1
2
1
1
9
1
3
1
5
1
1
1
1
4
1
1
1
10
21
1
1
2
1
2
1
3
3
1
2
1
1
6
6
2
1
7
1
1
1
6
5
2
1
1
1
2
1
1
1
2
4
3
2
5
1
3
7
1
4
1
1
1
2
1
8
3
2
2
1
3
9
1
1
8
5
4
2
2
8
7
2
2
2
4
1
3
6
1
7
7
5
1
4
22
2
1
2
6
1
13
3
4
1
2
6
1
2
3
4
7
1
1
3
1
4
6
1
8
2
2
2
1
2
1
1
1
1
1
2
3
1
8
2
9
2
2
4
1
1
14
4
1
3
3
11
2
10
1
1
1
1
4
11
1
1
4
1
4
3
1
1
2
1
4
2
8
1
1
5
1
1
1
1
1
2
1
1
1
1
1
1
1
1
3
2
1
1
1
28
13
19
1
1
7
4
1
2
3
1
2
2
10
16
9
1
6
1
14
1
9
2
3
1
2
17
5
1
1
13
9
7
1
4
2
1
6
1
9
33
2
1
1
1
1
1
1
1
1
2
10
1
7
15
2
9
1
2
2
2
4
1
4
29
8
5
9
1
5
6
2
1
3
1
1
3
1
3
1
1
6
1
1
3
4
2
1
6
1
4
2
10
4
2
3
3
1
2
2
1
1
1
4
1
1
6
1
1
1
2
17
8
1
1
42
1
2
1
3
1
20
6
1
1
1
1
1
1
1
1
2
11
1
2
2
3
3
1
2
1
1
4
6
1
8
1
1
42
5
1
3
1
1
3
1
2
10
2
2
4
9
3
3
29
1
5
4
7
1
1
1
2
2
2
9
6
4
5
2
1
2
2
2
2
1
3
8
2
3
2
2
2
10
18
3
4
1
1
5
2
1
1
1
3
5
5
7
13
2
1
1
1
1
1
2
1
1
5
2
2
3
1
2
1
2
2
1
4
1
1
1
1
1
1
1
1
1
1
2
5
1
1
1
1
3
1
2
2
1
1
1
2
4
1
1
1
1
1
1
1
2
3
3
3
1
1
1
17
1
1
2
3
1
1
4
2
1
3
3
1
5
1
6
1
1
11
3
2
1
1
1
16
1
1
1
1
2
13
2
1
2
2
1
1
1
4
3
7
1
1
1
11
17
1
1
2
1
3
1
2
7
2
1
1
1
3
1
1
1
2
1
3
1
1
1
1
1
2
3
1
4
1
5
26
4
3
3
1
1
5
14
2
5
1
4
11
2
1
2
1
3
4
3
1
1
6
2
1
3
2
1
2
1
4
7
1
1
1
1
4
1
5
1
1
1
7
1
1
2
2
3
4
3
1
1
1
1
3
4
1
1
1
2
1
1
2
2
2
4
11
5
2
1
1
3
5
2
9
5
1
1
1
1
1
1
2
1
5
5
1
2
1
1
1
12
3
6
1
5
16
1
1
5
2
1
2
6
2
1
1
2
3
2
1
1
1
1
6
1
1
1
1
1
5
3
1
1
6
1
5
5
1
1
1
5
3
2
1
1
1
1
1
1
6
1
1
4
1
4
1
1
1
1
2
1
1
1
1
1
8
9
4
2
2
1
1
2
9
5
1
2
2
10
5
1
3
1
8
1
5
2
10
4
12
1
4
3
5
1
1
4
1
1
2
2
1
1
5
3
52
27
2
3
2
1
5
2
1
1
1
1
1
6
2
7
1
1
