1
1
1
1
1
1
1
2
1
3
2
1
2
3
1
3
2
18
1
1
3
1
2
2
1
1
1
1
1
1
3
3
1
1
1
1
3
1
2
120
14
1
1
1
8
1
1
1
1
66
2
1
1
1
2
20
4
5
2
1
1
1
1
1
2
1
1
3
1
2
1
1
2
1
2
3
1
3
1
1
1
1
1
5
2
3
5
1
34
1
1
14
22
187
1
2
1
1
1
1
1
3
1
1
1
1
2
1
3
1
3
1
3
1
1
2
3
1
1
2
1
2
1
4
29
59
1
2
1
1
2
3
1
2
1
3
7
1
2
1
1
2
1
1
4
1
2
1
1
1
1
1
3
1
3
1
1
3
1
1
6
2
3
1
5
41
1
3
3
99
34
57
19
93
2
1
5
10
1
1
3
38
51
1
1
4
3
1
1
2
2
3
2
2
1
1
1
3
1
1
1
2
5
1
1
1
1
4
1
1
2
1
1
3
1
1
2
1
1
5
5
1
2
2
1
2
8
1
1
2
5
1
2
4
3
50
2
1
4
2
5
1
1
1
3
3
1
1
1
2
2
1
2
1
3
1
7
1
1
1
1
1
3
11
5
1
1
13
1
5
1
3
6
1
4
1
2
3
4
20
1
3
1
6
1
5
61
1
6
4
3
2
3
3
2
1
1
2
2
1
88
96
2
1
2
1
2
1
3
5
2
1
9
117
3
1
1
3
1
1
1
4
1
1
1
1
1
1
1
1
1
2
1
2
1
1
2
1
2
4
2
4
1
1
1
2
1
2
4
1
1
3
1
1
2
66
14
4
6
1
1
1
1
1
1
2
1
3
8
1
1
1
1
2
1
2
1
4
1
2
1
3
2
2
12
5
1
4
1
1
1
1
2
1
1
1
1
1
1
3
3
1
2
2
1
2
1
1
2
1
1
4
1
1
1
1
1
2
6
3
3
1
2
1
1
1
1
5
1
1
2
4
4
2
1
4
2
2
1
7
1
1
1
3
3
1
3
1
2
1
5
1
3
3
1
3
1
1
1
1
2
9
1
3
10
3
13
2
3
2
1
5
2
1
1
1
1
5
2
2
1
1
1
1
1
6
3
3
2
3
1
3
2
3
2
1
2
2
3
1
2
2
4
1
1
1
2
1
2
6
4
1
1
2
4
1
4
2
1
2
1
2
1
1
2
1
2
4
1
1
1
1
1
6
3
2
1
6
1
2
1
2
1
2
3
1
2
1
1
1
2
2
1
1
2
1
1
1
3
1
1
1
1
2
1
2
2
2
3
4
1
3
6
3
1
3
2
2
1
6
2
1
1
3
1
1
3
2
2
1
2
1
2
2
1
1
3
1
3
2
5
1
4
1
1
1
16
4
7
8
2
2
4
1
3
2
1
2
2
4
7
1
2
5
1
3
1
1
10
1
2
2
1
1
7
1
3
1
1
3
1
1
1
1
3
5
1
2
1
3
1
1
1
120
2
1
3
1
2
1
1
1
1
1
65
2
3
1
1
3
3
7
2
3
5
1
2
3
20
1
2
4
1
1
2
7
7
2
4
1
1
3
1
2
1
8
3
2
1
1
2
2
3
1
1
1
2
1
1
1
6
3
1
3
2
3
1
3
1
4
2
2
9
5
7
2
2
3
4
2
1
2
1
1
2
1
2
1
2
1
1
1
1
1
4
1
2
1
2
1
1
1
1
4
1
3
2
1
2
2
1
2
1
1
2
1
3
6
1
5
2
1
2
2
2
1
3
2
4
2
3
1
1
1
1
1
8
1
2
1
2
2
2
3
9
2
122
5
2
1
1
2
1
1
2
1
1
1
1
2
1
1
1
2
1
1
2
2
1
1
3
170
1
3
1
2
3
1
1
1
2
2
1
1
1
4
1
3
1
2
2
2
1
1
4
1
2
2
3
4
2
1
1
1
1
2
2
1
1
1
2
1
1
2
1
3
2
3
1
6
1
1
1
1
1
2
1
1
1
1
1
4
5
6
2
1
2
1
1
3
1
1
3
2
3
2
4
2
1
1
3
2
1
2
1
31
2
11
7
1
3
1
1
1
1
3
1
2
1
5
1
1
1
4
10
1
1
153
231
39
1
1
4
144
2
1
1
3
9
4
4
1
1
3
9
4
2
2
2
1
1
1
1
1
1
3
1
1
4
3
1
5
2
2
2
1
1
2
2
2
2
3
3
2
1
4
3
7
1
1
2
1
1
2
1
4
3
3
7
2
1
3
9
1
1
1
1
2
1
2
2
1
1
4
2
1
1
1
1
2
1
1
1
1
9
2
1
7
1
4
3
2
1
3
8
80
2
3
4
1
4
4
3
1
1
1
1
4
4
1
1
2
1
1
2
3
3
6
2
5
1
3
2
2
1
3
1
1
144
371
107
546
1
7
2
1
2
3
1
1
1
1
1
2
3
1
1
3
1
2
1
1
1
1
1
4
1
1
1
2
1
1
1
1
3
1
2
1
2
2
1
1
2
2
1
1
1
3
3
1
1
1
2
1
1
1
1
4
2
3
1
1
2
1
2
2
3
2
3
1
1
1
2
2
1
2
1
1
2
2
1
2
1
1
1
1
5
5
2
2
11
3
2
1
2
4
1
2
1
1
4
2
1
2
1
3
2
1
44
4
50
66
193
1
2
65
545
