105
36
80
1
1
1
1
1
1
1
1
2
1
2
1
7
20
28
45
5
28
12
10
2
1
1
7
1
11
4
54
42
32
12
20
7
6
7
11
28
39
6
1
3
40
13
18
18
3
1
5
18
48
12
1
1
1
2
1
5
25
1
13
65
1
15
11
3
9
1
45
44
25
45
1
2
26
26
33
1
51
4
15
4
22
35
30
5
44
6
10
38
5
50
11
23
90
27
2
6
2
58
3
2
23
56
2
45
1
1
1
1
1
1
5
1
4
22
8
102
25
25
35
1
7
1
1
27
27
6
17
34
14
9
21
10
11
1
5
29
1
39
5
1
4
97
140
19
3
27
2
5
11
1
11
1
1
1
2
4
1
12
39
17
29
8
43
61
43
13
110
29
49
4
3
2
171
170
33
5
9
100
11
139
1
40
99
60
67
59
171
6
20
15
9
40
1
1
11
115
6
48
1
1
33
6
35
95
27
21
66
10
68
33
3
51
69
68
104
1
24
27
3
9
9
3
1
1
1
1
1
1
10
1
1
3
1
12
44
22
28
24
12
48
41
27
53
1
23
16
36
18
1
7
91
28
53
2
1
34
3
32
71
2
6
50
11
1
9
8
38
13
1
1
1
12
30
1
5
108
75
