2
1
1
1
1
4
3
2
1
1
1
4
1
1
3
10
1
4
1
2
3
3
1
2
1
1
4
2
2
1
2
1
1
1
1
1
1
2
1
5
1
1
1
9
1
1
1
1
4
2
1
4
3
1
2
2
1
1
5
1
2
4
1
1
2
3
1
4
1
3
4
1
1
1
1
2
1
1
1
1
2
1
2
6
2
1
5
6
5
3
1
1
3
2
1
1
2
1
3
2
5
1
6
5
1
6
6
3
4
14
8
11
1
9
2
8
1
3
2
1
1
12
6
10
1
5
2
4
2
1
1
2
4
2
1
8
5
3
1
6
4
1
1
2
2
10
3
5
1
2
3
1
1
2
1
5
2
2
1
1
5
15
10
4
1
1
13
2
1
12
1
7
2
1
1
2
1
4
1
1
2
1
6
2
2
6
2
3
5
2
3
2
1
3
1
5
12
4
2
1
7
1
1
1
2
3
4
7
1
3
2
2
1
2
3
3
5
1
1
1
1
1
3
2
2
1
6
4
1
6
1
1
1
3
1
2
1
14
8
3
12
1
2
1
1
1
1
5
2
2
5
5
2
4
1
1
2
1
2
1
6
9
2
2
3
2
3
3
7
8
22
1
1
1
2
2
1
1
2
5
3
1
2
1
1
4
2
1
1
2
1
1
1
20
6
1
1
1
2
1
13
1
3
14
5
9
4
3
1
1
1
2
3
13
1
1
3
4
1
1
1
5
2
6
2
1
1
2
1
1
1
1
3
1
4
4
2
2
1
10
1
1
18
2
4
3
7
6
10
7
1
21
14
1
1
3
2
1
4
2
3
7
15
4
2
2
2
7
1
1
1
1
1
1
2
1
1
1
16
1
2
1
1
1
1
1
1
1
3
1
1
1
1
1
1
1
2
1
1
1
3
1
1
2
4
8
1
11
2
1
1
1
1
2
2
1
2
3
3
2
2
7
5
1
2
9
2
3
2
2
6
1
3
2
7
1
4
2
5
3
3
3
1
3
1
1
1
1
1
8
11
7
2
2
5
2
3
1
3
2
1
1
1
2
1
2
2
2
1
1
3
1
1
1
5
3
1
1
3
4
1
5
1
1
2
2
1
6
3
2
1
4
2
1
1
1
2
2
2
1
1
2
2
1
3
1
2
3
1
1
1
1
1
1
1
2
1
2
9
4
1
19
1
3
1
9
5
2
1
1
1
2
1
2
4
1
2
2
1
1
1
2
5
2
2
3
1
3
1
3
2
3
2
2
1
1
1
2
1
1
3
4
1
2
1
1
2
1
3
1
1
7
3
1
6
3
1
3
2
1
19
2
5
1
1
2
1
1
2
9
1
2
1
1
1
1
10
1
1
3
7
1
2
2
1
1
1
6
1
1
1
5
8
1
1
2
1
2
2
1
2
2
1
1
1
1
3
1
1
2
3
10
4
2
1
2
7
2
2
2
8
2
1
1
2
4
2
3
1
1
1
1
1
1
1
1
1
2
1
1
3
2
6
1
6
1
2
4
19
1
3
1
21
1
10
3
1
1
1
4
5
6
1
16
2
1
1
2
1
3
2
2
3
1
1
1
1
1
4
1
1
1
1
1
4
14
8
4
1
4
3
3
12
1
1
4
1
1
2
1
1
1
1
2
3
1
6
1
2
4
1
1
1
1
1
1
1
1
1
1
1
24
5
4
2
2
1
3
2
1
2
1
1
2
5
1
3
10
2
4
2
2
3
6
1
4
2
6
3
12
2
2
2
6
6
2
2
6
3
3
2
5
1
1
2
3
1
2
2
2
1
9
2
1
4
2
2
1
2
3
5
2
2
1
2
1
1
1
1
2
1
3
1
2
1
2
1
2
1
1
3
1
1
1
5
2
1
6
17
2
11
4
6
4
11
3
3
2
2
7
18
1
1
1
1
1
5
3
4
4
1
1
4
4
2
1
1
1
1
1
3
1
1
4
1
5
6
4
2
1
4
1
2
1
1
2
5
1
2
2
1
3
1
1
6
4
1
1
1
2
1
5
1
2
1
23
4
1
2
1
2
1
5
1
1
2
1
1
1
3
6
2
2
3
3
10
1
2
12
6
4
2
1
5
1
1
1
4
1
5
1
2
1
2
2
1
1
2
3
1
1
1
12
1
1
1
1
1
1
3
1
2
1
12
5
3
7
2
1
1
5
1
3
6
2
8
2
3
1
2
1
2
6
1
1
13
4
1
6
1
9
8
1
4
2
1
11
1
5
2
2
15
6
21
7
1
1
1
2
2
2
1
3
9
1
4
1
1
2
1
1
4
1
1
4
9
1
1
2
3
2
1
