1
1
2
1
1
3
1
1
6
5
1
1
5
1
11
7
1
1
11
4
1
1
1
1
1
1
1
7
1
1
1
9
1
27
3
2
5
5
13
13
2
6
6
10
9
38
20
7
62
4
1
1
2
2
1
2
1
2
1
1
2
1
1
1
1
1
1
1
1
1
2
1
3
2
2
1
2
3
2
1
1
1
3
1
1
1
1
1
1
1
2
1
1
1
2
2
1
2
1
1
1
1
1
1
1
1
1
1
1
1
2
1
1
1
5
1
1
1
3
1
1
1
1
1
1
1
1
1
1
3
1
3
1
2
3
1
15
3
5
20
1
16
3
5
5
10
1
8
3
5
3
1
25
1
1
1
1
1
2
8
33
5
3
21
1
4
29
2
1
8
5
6
23
2
1
1
2
1
1
2
3
2
1
2
1
1
1
3
1
1
1
1
3
1
6
3
2
1
1
2
2
1
2
1
1
1
1
1
1
1
1
1
1
1
3
1
1
2
2
1
7
2
2
2
1
3
2
1
1
1
1
3
1
2
1
2
9
3
1
1
9
4
6
1
2
2
1
2
2
3
1
2
2
1
3
1
2
1
1
6
1
2
1
1
1
2
3
2
6
10
1
2
3
1
1
1
1
1
1
1
1
2
2
3
1
1
2
1
1
1
2
1
1
1
4
1
1
4
4
2
1
1
1
2
1
1
1
4
7
6
4
1
19
7
1
15
1
3
4
1
11
12
1
1
7
17
3
6
18
7
9
4
5
5
37
26
3
2
2
1
1
2
2
1
1
1
1
1
1
1
1
1
3
1
3
1
4
1
1
2
1
1
1
1
2
2
1
2
26
1
1
1
1
1
2
1
1
1
1
2
1
1
1
2
1
2
1
2
1
1
4
1
5
2
2
4
1
1
1
1
1
1
4
1
3
14
7
1
15
30
8
7
3
1
2
1
1
1
5
15
2
6
23
18
6
11
3
2
5
4
1
1
1
1
1
1
1
2
1
1
1
1
1
2
1
2
1
1
1
1
1
17
3
12
3
3
12
9
3
4
1
2
2
3
1
1
2
3
1
2
1
1
1
3
5
1
1
1
2
1
2
1
3
1
1
2
1
2
2
1
2
1
2
1
1
1
1
3
1
2
1
2
2
3
2
10
1
1
1
1
1
2
1
8
2
3
1
22
25
2
3
1
2
1
1
2
1
1
1
1
1
2
1
1
2
2
1
3
1
1
1
1
1
1
1
1
1
2
1
31
1
1
1
1
1
1
2
1
1
6
1
29
9
1
15
50
1
2
1
1
1
1
1
2
1
1
3
1
1
1
2
1
4
1
1
1
3
4
2
1
4
1
3
1
2
3
1
2
3
9
9
20
17
3
14
1
3
3
5
6
1
12
4
7
12
2
1
1
1
1
1
1
1
1
1
1
1
1
1
2
1
1
1
1
1
1
2
2
1
1
6
1
8
1
3
1
1
1
1
1
1
1
1
1
1
1
2
1
2
1
2
3
1
1
2
1
1
1
1
1
1
1
1
1
1
1
2
1
1
1
1
1
3
11
5
1
2
20
5
1
40
1
7
7
2
8
13
3
7
2
10
1
10
36
31
5
1
1
2
6
8
1
6
27
2
1
10
8
20
3
1
2
1
2
4
11
2
16
13
5
3
10
5
30
1
2
1
1
1
2
1
1
1
2
1
1
1
1
5
2
1
2
1
18
12
11
