13
2
41
8
7
1
9
2
7
10
20
3
9
8
6
2
10
5
9
2
6
2
5
1
1
2
7
2
1
1
2
1
2
1
3
1
1
2
3
1
1
1
1
1
1
1
1
4
7
3
2
1
1
1
1
1
1
1
3
2
1
1
3
2
1
4
3
1
1
2
1
1
2
1
4
2
1
1
1
1
1
1
1
2
2
2
1
2
1
8
1
3
1
1
1
1
1
3
4
4
1
8
2
1
1
1
6
1
1
1
3
1
5
1
1
4
1
1
2
1
4
2
1
7
2
1
2
3
4
2
4
2
1
1
4
2
2
1
1
1
1
2
12
1
1
1
8
2
7
11
1
1
1
2
1
1
2
1
1
3
1
1
1
1
3
1
4
1
4
9
3
1
6
4
4
4
3
4
1
2
4
1
2
1
5
3
1
2
2
1
1
5
1
4
5
3
2
1
4
1
3
6
14
2
6
7
5
6
6
9
21
12
7
1
1
4
1
5
6
1
1
2
3
3
4
1
13
4
9
4
2
12
1
11
2
4
11
22
3
11
8
13
2
5
1
1
1
1
4
2
1
2
1
6
5
1
23
7
1
2
2
1
2
1
2
2
1
2
3
7
2
4
5
1
6
1
1
1
6
1
1
1
5
1
5
1
1
2
1
1
4
1
1
8
1
4
3
1
2
3
1
1
2
1
1
24
4
8
4
2
9
1
1
4
5
1
9
3
6
28
1
6
3
1
6
10
1
23
12
8
11
3
25
14
1
6
47
18
32
8
2
19
1
21
24
1
12
5
1
3
2
21
1
20
6
8
15
6
5
4
5
1
8
4
3
1
9
7
11
6
3
2
3
2
21
10
2
1
5
5
1
2
1
4
3
2
1
3
6
4
1
1
7
3
1
5
3
1
12
14
16
3
2
7
1
19
24
1
21
2
20
3
12
4
18
25
1
4
2
5
1
3
2
1
11
6
13
1
3
3
4
17
3
4
11
1
9
9
9
3
1
21
3
19
6
5
4
4
4
2
14
1
14
2
30
37
4
26
1
3
12
5
1
13
3
5
4
1
1
4
5
2
2
14
5
2
1
6
4
5
5
1
6
1
1
2
3
2
4
1
1
2
2
2
2
4
1
1
1
1
8
1
4
7
6
1
1
1
1
5
5
1
6
9
2
1
8
1
7
1
2
2
4
1
11
2
8
3
1
2
5
3
3
13
7
1
1
1
11
2
4
2
5
4
3
2
6
3
4
1
3
1
3
9
22
3
2
2
2
3
1
1
1
1
1
1
2
1
1
2
1
1
1
1
2
3
2
2
1
3
2
1
1
2
10
1
1
1
2
2
1
1
1
1
1
1
2
1
2
2
1
1
1
1
4
1
1
3
5
7
10
1
1
1
1
6
1
4
3
4
7
12
9
10
7
29
2
1
7
3
7
26
4
1
3
10
2
10
3
3
6
2
5
7
1
6
21
13
23
7
5
3
14
5
2
2
3
19
5
7
10
9
7
23
13
25
14
17
1
20
8
8
3
9
2
2
10
3
1
3
3
8
7
6
13
19
4
3
5
1
3
1
12
6
6
3
4
23
3
4
5
8
14
17
21
24
36
18
1
1
1
2
1
1
1
3
3
2
2
2
3
1
1
2
2
3
3
1
1
4
18
4
1
5
1
1
21
4
12
2
6
42
14
3
2
1
2
1
5
3
1
1
1
4
1
2
3
1
4
5
1
9
5
1
4
3
2
2
3
9
4
1
7
3
5
32
2
3
2
1
4
2
2
3
1
1
5
5
1
2
3
1
7
2
7
4
3
4
7
38
11
20
25
27
6
1
6
8
6
1
4
1
4
1
3
1
9
16
3
1
9
1
8
3
6
1
1
5
1
1
4
1
18
4
4
3
16
18
1
2
1
5
1
2
1
1
1
2
2
1
3
12
4
2
7
5
16
3
2
2
11
21
13
17
11
1
20
15
63
6
29
23
10
11
23
20
6
1
3
2
25
14
1
8
2
2
1
1
2
5
2
1
2
1
1
2
1
1
1
4
15
1
1
2
3
1
3
3
3
1
2
1
20
9
13
15
2
5
3
3
4
10
1
1
1
1
1
1
1
1
1
2
2
2
1
4
2
3
2
1
3
3
2
1
1
1
1
2
11
11
4
1
16
2
1
2
1
5
1
1
1
1
1
6
4
1
1
1
4
1
3
2
3
3
1
2
7
1
1
3
1
