2
2
1
2
1
2
2
1
5
3
1
2
1
2
3
3
2
2
12
4
4
1
1
1
2
1
2
1
4
4
2
3
1
1
1
2
3
2
4
1
3
3
3
1
4
1
4
1
1
1
1
6
1
1
1
3
2
2
3
3
3
1
2
2
1
2
3
3
1
1
1
1
1
1
2
2
3
4
4
4
1
2
1
8
3
1
3
2
4
3
2
20
1
3
1
4
3
1
3
1
1
2
1
2
2
6
8
1
4
3
2
3
1
1
4
1
5
2
1
6
3
5
1
1
1
2
1
4
1
3
1
4
2
1
2
1
2
1
6
1
2
2
2
1
1
1
1
2
1
1
1
1
6
3
11
1
1
2
1
1
2
5
5
1
3
6
1
2
1
1
2
3
10
9
1
1
3
1
1
1
1
1
3
5
2
1
2
18
4
1
1
1
4
1
5
8
1
2
4
6
6
1
8
3
1
1
1
3
22
1
19
1
2
1
3
1
1
1
1
2
4
4
2
1
1
1
1
4
1
4
3
1
1
1
1
1
7
1
1
1
1
2
1
1
2
1
1
1
3
3
2
1
2
2
10
4
1
3
1
1
1
1
2
1
1
1
1
2
5
2
3
1
2
3
1
1
1
1
2
1
1
2
3
1
5
2
1
4
6
2
1
2
5
8
2
2
1
2
3
2
3
2
3
2
5
1
1
4
1
13
12
3
2
1
23
3
2
1
4
4
1
1
6
2
1
1
30
10
1
1
1
2
6
1
2
1
4
1
2
1
2
1
2
1
1
8
1
1
1
2
1
1
4
11
4
13
1
7
2
2
1
1
1
5
2
1
1
1
1
2
26
2
9
5
1
1
1
2
2
1
1
15
1
1
8
1
4
4
2
7
1
3
1
4
1
1
3
1
2
1
1
9
10
3
1
1
2
1
1
1
1
1
2
1
9
2
1
1
11
2
2
2
1
5
2
2
1
2
4
1
1
16
1
1
1
1
1
1
1
2
1
5
1
1
1
3
3
20
2
1
1
1
2
1
1
2
18
17
2
1
15
12
8
3
4
18
6
1
2
1
5
1
1
4
19
2
1
4
1
3
2
2
2
1
2
5
2
3
1
6
7
1
1
2
2
5
1
3
1
7
1
6
1
1
2
5
1
2
1
4
1
3
4
3
49
1
19
2
3
3
1
4
1
2
3
1
3
1
1
2
5
1
6
2
9
1
3
3
2
1
1
5
3
1
1
2
1
3
2
2
2
3
1
2
1
1
1
3
3
3
2
1
3
1
1
2
7
2
3
3
1
5
4
5
5
1
4
9
2
3
18
5
1
1
6
1
5
3
6
3
2
1
8
6
7
18
1
1
2
4
3
3
5
2
1
1
2
10
27
1
2
1
1
1
3
2
2
1
2
3
1
3
7
2
2
4
1
2
1
1
1
1
3
6
10
1
1
4
34
41
1
2
1
2
1
1
1
1
1
1
1
2
1
4
1
1
2
2
1
2
9
72
5
5
2
1
3
9
2
2
1
5
1
1
3
3
7
13
9
2
1
1
2
8
10
2
5
3
2
1
4
1
2
12
8
5
1
2
6
5
1
4
1
1
8
6
1
1
1
13
3
1
5
1
5
1
10
25
1
2
1
20
2
2
3
2
1
2
1
4
1
2
2
1
1
8
3
7
11
1
1
1
1
1
2
4
3
1
1
2
1
2
1
3
1
1
3
6
6
1
4
2
4
10
39
1
5
8
9
1
1
1
4
1
1
44
4
3
1
1
1
5
7
2
2
2
6
4
3
2
2
2
1
2
1
1
3
1
1
2
1
6
2
1
1
1
1
1
1
4
2
1
1
1
1
1
2
1
1
1
7
3
5
8
1
1
4
3
18
3
12
2
3
1
2
2
1
1
1
1
3
1
3
1
2
3
1
2
4
1
1
1
1
1
4
4
3
1
7
13
33
1
1
5
1
1
1
5
1
1
1
2
6
2
2
2
1
2
2
9
4
3
9
1
3
1
2
1
1
1
1
4
1
2
2
1
1
5
1
1
1
1
1
26
4
1
1
1
1
1
1
2
1
2
1
2
1
1
2
2
1
3
1
5
1
6
1
1
1
1
4
1
1
1
1
3
1
2
1
1
1
1
1
2
1
3
2
2
3
2
1
1
1
1
2
6
1
4
1
1
3
2
1
3
1
1
1
1
5
3
1
1
1
1
3
1
1
1
2
1
1
1
2
1
1
2
1
3
1
1
1
3
2
3
2
2
4
2
2
2
1
1
3
1
3
1
1
2
1
4
1
1
1
1
5
4
1
1
2
1
37
2
1
1
2
2
1
2
1
1
1
4
9
1
1
2
2
4
2
1
2
1
1
1
4
1
2
1
2
2
1
2
2
1
4
13
1
1
3
5
2
2
1
5
9
6
3
2
1
1
34
36
27
29
15
3
2
2
1
8
7
2
1
1
1
1
2
5
1
10
6
2
1
4
1
2
2
2
4
7
5
2
7
1
2
1
1
1
1
3
15
1
2
1
3
1
5
1
1
18
2
2
1
4
26
36
2
1
2
4
6
5
1
1
1
1
1
1
2
5
1
1
1
9
2
1
5
1
1
3
1
1
6
4
5
1
11
9
2
5
2
2
1
1
2
5
2
2
1
2
1
1
2
2
3
12
43
4
1
1
2
1
2
1
1
1
13
3
3
2
4
6
4
91
13
5
5
3
1
5
1
1
1
2
1
1
2
2
1
1
3
1
1
1
3
2
4
53
1
3
38
9
35
1
3
2
2
2
12
1
1
1
1
1
1
2
2
2
1
2
2
1
2
2
4
3
4
1
2
2
2
1
2
1
4
1
1
1
2
2
3
1
1
1
1
1
1
1
1
1
1
3
1
2
1
1
2
16
1
1
5
1
2
1
6
1
3
3
1
2
1
2
2
3
5
1
1
2
1
2
3
2
1
2
3
3
1
1
1
6
2
1
5
1
1
1
3
2
1
1
20
1
1
6
3
1
3
4
2
1
2
1
2
2
2
1
2
1
2
3
1
2
4
10
11
1
1
3
2
1
3
2
1
1
26
9
4
4
3
1
1
4
2
1
1
1
1
2
2
8
1
4
3
2
1
1
2
3
4
1
2
5
7
1
1
1
1
2
2
4
1
9
1
3
1
3
2
1
1
3
3
2
1
1
1
2
1
1
1
5
3
2
1
1
3
1
4
2
2
6
2
5
3
2
21
2
2
1
1
2
4
7
1
1
4
6
1
1
2
1
2
2
6
2
1
2
5
1
4
1
2
4
1
3
3
3
1
4
6
1
1
21
1
1
1
1
1
1
1
2
1
1
1
1
3
3
1
1
1
2
3
2
1
2
6
1
1
1
1
3
7
3
2
1
29
1
2
2
1
1
10
39
16
1
1
1
4
3
1
1
2
16
6
1
3
17
2
1
1
5
6
7
1
4
2
2
1
5
2
1
1
1
1
7
9
12
26
1
2
