1
2
5
9
12
1
9
5
1
1
1
4
2
1
1
1
1
2
1
1
6
7
7
1
9
1
1
1
1
1
1
1
13
8
4
5
1
1
2
1
1
1
1
1
1
1
1
1
3
4
1
1
4
6
2
2
16
2
9
1
3
2
10
1
33
2
3
30
1
1
1
6
1
11
2
2
1
3
2
9
1
17
6
3
3
1
3
1
10
5
1
1
3
1
2
1
5
2
3
1
2
1
1
2
2
2
4
3
2
3
2
5
3
1
2
3
1
2
4
1
8
3
1
11
14
19
3
33
2
17
1
2
2
10
19
17
3
18
6
6
1
1
11
6
1
10
1
4
13
42
6
1
3
4
1
19
10
16
13
23
68
28
29
34
7
2
18
2
1
1
1
2
4
2
1
1
24
11
41
7
1
1
9
15
17
7
4
1
2
1
2
5
8
32
3
3
2
5
2
5
2
1
1
34
8
1
2
19
2
1
3
5
18
1
1
9
1
1
1
1
1
1
1
5
1
1
3
3
1
3
3
1
1
1
7
2
4
12
1
1
2
1
1
2
1
19
5
2
1
2
2
4
5
1
2
6
1
1
1
1
1
1
1
1
2
2
7
2
1
1
1
1
1
1
1
5
1
1
1
1
1
1
12
2
2
4
1
4
4
1
12
16
10
13
4
1
5
4
1
1
1
3
1
16
3
1
1
2
2
1
2
1
1
1
4
5
1
1
2
3
1
1
5
7
2
4
1
2
1
1
3
3
1
3
6
1
3
1
3
1
4
1
1
4
2
2
1
2
3
1
