1
1
1
1
1
10
3
1
1
3
2
1
1
1
1
2
1
1
2
1
1
1
1
1
1
1
2
9
1
1
1
1
1
1
5
4
2
2
1
3
2
1
2
2
2
2
1
3
1
2
1
2
4
1
1
2
1
1
1
1
5
1
2
10
1
1
4
2
1
8
1
1
8
1
1
1
10
5
1
4
1
1
4
6
5
2
1
1
2
1
2
2
1
7
6
14
7
1
2
5
1
1
3
1
1
1
1
4
4
1
1
1
1
1
1
4
10
1
6
6
2
1
1
1
4
3
2
1
1
3
2
3
3
1
2
2
6
10
5
1
4
4
1
8
1
3
5
2
2
1
1
2
1
1
1
8
2
2
2
3
2
1
1
1
1
2
1
6
1
4
1
3
8
1
4
1
7
8
1
3
2
2
1
1
1
4
1
1
3
8
7
3
12
2
2
2
4
2
1
2
2
5
1
1
2
1
2
2
1
1
1
3
1
5
2
1
4
1
3
1
1
1
1
1
1
19
11
1
1
3
3
1
1
2
1
5
1
2
2
1
1
1
2
1
8
8
16
5
1
1
1
1
1
1
1
1
4
3
1
3
4
1
1
3
1
1
1
7
1
1
1
3
1
1
1
3
3
1
2
1
1
3
1
1
2
3
2
1
2
3
4
1
1
1
1
1
1
1
2
4
1
1
1
1
2
2
1
1
1
1
1
2
1
1
1
1
1
1
1
2
3
1
1
1
1
1
2
2
1
1
1
1
5
3
1
2
1
4
4
2
4
1
1
1
1
1
2
1
1
1
1
1
3
1
1
5
1
6
2
1
1
1
1
2
1
1
9
3
1
2
2
2
3
3
1
1
1
3
1
1
1
2
2
2
2
3
2
1
1
1
1
2
1
3
1
1
2
3
1
3
2
