1
4
3
5
1
1
1
3
6
2
1
1
1
3
1
8
3
9
1
1
19
13
1
6
5
2
1
4
1
12
1
2
2
2
6
15
7
4
8
13
17
9
9
20
4
12
11
13
18
1
1
1
1
2
12
6
10
6
6
4
5
8
7
5
2
1
1
2
16
3
1
2
23
4
2
2
1
3
6
2
1
6
1
3
1
7
4
6
1
1
1
5
1
1
2
2
3
3
1
1
2
3
1
3
2
6
2
1
3
1
1
2
8
1
1
7
1
1
1
8
15
1
3
1
1
1
1
4
2
1
10
4
3
14
1
6
1
8
1
9
7
9
6
10
9
16
21
2
1
3
2
4
1
4
3
1
2
1
5
1
2
1
1
1
1
4
26
1
5
1
3
4
4
3
11
1
8
1
4
3
1
11
1
4
1
1
4
2
2
1
1
2
2
1
1
4
4
1
1
2
3
1
6
5
5
1
76
32
23
31
3
6
2
1
4
1
3
15
2
8
2
1
2
3
7
1
1
1
1
1
1
10
5
1
2
2
2
6
3
8
5
6
26
25
18
6
4
2
1
4
4
14
1
3
1
1
3
1
6
1
1
1
3
1
1
1
1
1
2
1
1
1
2
4
1
3
1
1
1
4
1
12
3
11
7
8
5
3
12
7
1
2
1
1
6
2
2
1
3
5
13
2
3
1
1
1
1
1
1
2
5
37
21
9
2
7
1
23
1
1
3
3
6
2
6
4
4
5
1
5
3
4
2
2
2
1
1
1
2
2
3
11
4
2
2
1
9
6
13
9
5
10
1
16
11
2
2
1
1
1
1
1
1
2
1
1
1
2
1
1
1
4
3
5
4
1
6
3
5
1
4
1
13
2
12
6
24
6
27
4
3
2
5
5
20
1
2
1
48
18
6
12
17
15
12
99
9
1
7
1
3
2
1
19
5
4
7
1
1
2
2
1
1
1
2
2
1
1
3
1
1
6
1
1
3
4
2
4
11
7
7
2
4
2
5
1
9
2
16
2
4
13
3
2
3
1
1
3
2
2
1
2
2
3
6
1
1
6
1
3
4
1
6
10
1
2
4
27
5
23
2
81
2
4
24
7
2
1
1
6
1
1
6
13
25
2
58
5
40
15
5
14
50
1
7
9
5
4
12
9
10
4
1
10
1
2
2
13
8
1
1
13
1
1
26
1
1
2
18
7
14
10
12
30
11
5
1
1
3
1
9
14
12
13
1
3
1
2
18
12
17
5
21
33
7
4
26
8
2
22
5
1
2
2
3
14
19
2
17
11
10
9
3
3
1
2
6
1
1
1
1
1
1
1
1
1
1
3
1
1
3
2
1
1
2
1
4
1
1
1
1
2
1
1
1
2
2
1
1
1
1
1
1
1
3
5
5
9
7
8
5
5
3
8
7
7
1
5
6
2
2
1
2
1
8
20
1
1
1
2
13
5
2
1
1
1
12
2
1
5
4
1
2
1
2
1
5
1
2
1
3
3
21
21
20
1
40
3
5
1
20
5
3
6
1
46
8
12
11
94
5
4
11
15
29
6
13
10
2
1
14
1
16
6
23
39
8
49
1
5
1
4
22
1
1
4
10
18
1
1
1
27
3
1
4
4
2
12
2
6
3
2
1
1
2
8
4
9
2
22
13
3
1
4
1
3
1
1
1
32
6
5
11
4
11
9
9
15
7
1
6
1
15
7
1
1
1
2
1
12
1
1
13
17
1
11
16
3
5
21
38
3
8
2
1
2
2
3
4
4
1
1
5
7
2
1
1
1
4
2
1
20
21
2
7
4
21
10
1
5
3
1
4
5
2
1
1
1
1
1
5
11
5
2
5
7
8
7
13
6
2
11
5
1
15
8
14
4
8
2
4
1
2
10
3
5
2
1
1
1
1
1
1
1
1
2
1
1
4
1
1
3
2
1
1
1
10
3
9
6
3
12
1
6
2
2
1
1
1
2
2
1
1
4
2
3
9
8
2
5
1
4
7
5
1
1
2
1
8
33
45
53
6
1
8
4
3
4
1
1
1
4
2
4
6
1
5
3
1
3
15
3
2
2
1
1
18
4
14
8
1
1
15
