2
1
3
1
2
1
2
2
2
2
1
1
3
13
2
1
13
14
1
20
2
2
1
4
2
4
2
7
1
1
1
4
1
1
2
1
11
3
3
7
1
1
1
2
5
2
4
1
1
1
1
9
9
4
7
15
5
4
1
8
2
1
1
1
4
1
1
1
5
1
2
2
13
1
1
1
2
1
3
2
5
2
1
1
1
1
6
2
5
2
1
8
7
16
1
2
1
1
13
4
1
2
2
55
11
28
8
13
10
8
5
6
3
8
3
4
3
10
1
30
9
12
3
1
6
2
1
3
2
2
2
9
14
4
69
9
14
3
4
9
11
4
1
9
8
28
12
82
25
5
21
1
12
15
7
10
5
8
8
11
2
19
7
8
8
7
12
2
2
1
13
3
3
1
9
2
9
2
7
10
1
3
2
7
3
3
4
3
1
2
2
6
2
3
2
1
4
14
41
30
8
6
28
22
12
2
18
1
3
18
5
23
21
1
14
11
10
5
4
8
1
6
1
9
10
1
3
28
1
7
14
3
7
3
2
3
1
9
1
1
1
1
4
1
6
2
3
4
2
12
2
2
1
3
1
11
10
1
3
4
3
2
1
6
13
6
7
1
1
2
7
9
2
2
7
5
2
1
1
9
3
1
2
9
2
7
5
11
5
39
1
1
7
2
5
1
1
7
10
1
4
6
6
2
1
1
1
1
1
9
16
3
7
4
1
3
3
1
16
6
2
3
1
5
1
24
3
2
1
1
1
3
2
1
1
10
3
1
4
1
2
7
10
1
1
3
1
1
1
1
13
14
4
4
1
2
1
2
4
1
6
1
1
2
3
2
3
1
1
1
4
3
11
1
7
9
5
9
2
1
9
1
3
3
9
14
12
2
4
2
12
2
1
3
1
1
13
2
2
1
2
5
17
1
4
2
