2
6
6
1
7
12
5
8
2
2
2
10
1
1
1
1
1
1
1
2
1
2
3
2
1
1
21
13
3
4
3
9
12
4
10
2
3
1
18
11
14
19
8
3
3
13
10
1
9
6
1
2
1
4
1
4
1
1
1
1
4
5
1
2
1
1
1
1
2
1
1
1
2
4
1
2
1
3
1
6
2
1
10
6
1
1
6
23
5
1
9
1
2
3
8
1
9
9
8
1
1
1
11
1
2
2
2
1
4
5
5
3
5
12
2
4
6
3
3
8
20
1
1
1
8
2
4
1
1
4
4
6
15
10
1
1
6
1
1
5
1
2
1
1
1
1
1
5
1
1
5
4
1
15
2
2
2
1
27
1
1
6
1
4
1
1
1
1
1
1
2
16
1
4
3
1
6
10
1
2
2
1
1
2
1
8
15
10
12
3
15
1
2
2
33
8
1
3
1
7
11
1
1
1
3
9
1
1
3
3
6
4
3
1
2
3
1
1
6
1
2
10
2
1
5
3
1
3
1
2
3
1
3
9
1
5
5
3
4
9
2
1
1
3
1
2
1
1
5
1
9
12
1
2
20
7
2
2
2
1
1
2
1
4
3
4
9
5
6
1
14
1
12
1
2
7
19
2
2
2
6
1
2
2
1
1
1
8
1
3
2
10
1
5
9
4
3
2
2
4
1
1
6
1
4
2
2
2
2
1
3
5
6
1
2
6
10
1
5
7
2
2
4
1
1
1
6
4
2
1
1
1
2
3
2
1
1
3
1
2
1
1
4
2
1
8
4
1
1
2
1
8
1
7
20
3
1
6
5
2
5
8
7
4
3
1
2
15
2
1
1
1
1
1
3
1
1
17
8
11
5
11
2
1
1
6
8
18
3
1
2
15
8
3
1
1
1
1
2
1
13
2
4
8
1
11
13
14
2
4
8
7
16
3
6
5
3
1
5
1
1
4
1
1
1
2
4
1
1
3
4
5
5
7
5
6
2
2
15
6
11
2
7
1
2
2
1
6
3
1
1
1
4
1
1
1
1
1
1
1
1
1
4
2
2
1
1
1
1
1
1
5
9
1
5
11
1
4
3
2
2
4
6
5
4
8
1
1
1
1
1
1
1
1
12
1
3
2
1
6
4
1
1
1
1
4
2
1
1
1
1
3
1
1
1
4
1
3
3
5
7
2
1
4
1
2
9
6
1
1
1
6
2
3
3
1
18
2
9
3
4
21
27
18
15
5
6
4
19
2
1
2
2
6
1
1
1
9
1
18
1
1
1
2
1
7
1
1
1
2
3
20
6
7
4
1
1
1
4
2
8
1
11
1
1
5
3
4
3
8
4
12
4
2
1
4
9
2
22
4
14
