2
1
1
2
1
1
1
4
1
2
1
1
2
8
10
1
4
1
7
7
5
6
3
6
4
1
2
7
1
20
45
1
2
1
2
2
11
15
3
8
41
14
1
13
48
17
2
45
1
1
8
2
9
36
1
2
1
10
25
7
1
1
10
2
58
1
1
1
1
1
2
1
2
17
9
13
12
10
1
4
2
1
3
1
1
2
15
6
1
17
1
1
17
2
33
15
6
1
8
1
12
15
10
2
68
1
1
1
5
20
2
1
3
5
6
2
14
1
53
1
1
3
2
20
32
16
11
18
2
1
1
2
16
1
1
12
3
1
1
1
1
3
13
1
1
1
2
1
2
1
15
1
14
1
4
71
1
11
23
1
2
1
2
1
1
2
1
1
1
6
22
9
8
4
2
46
4
1
4
14
1
1
3
1
2
40
12
46
1
2
1
4
1
1
4
4
3
33
1
2
1
19
1
14
4
13
1
1
2
2
1
4
2
18
17
7
2
3
1
20
13
1
1
2
1
3
4
2
2
7
28
11
1
1
34
1
3
22
22
26
5
6
1
3
1
43
2
1
1
3
1
8
1
2
2
1
26
16
17
3
41
1
3
1
1
75
4
1
1
22
1
1
1
1
1
1
1
1
2
4
1
6
1
2
1
1
3
5
1
5
1
10
1
1
1
1
1
3
1
13
3
5
5
5
11
13
3
9
7
1
1
10
1
2
1
4
1
1
1
23
1
8
3
1
1
2
3
2
1
13
3
1
3
1
3
2
6
1
4
13
2
5
11
13
3
2
1
2
1
1
4
13
2
1
1
2
30
10
1
2
1
34
1
11
1
5
1
1
1
1
1
5
1
11
10
1
11
1
13
8
18
8
4
2
1
1
1
5
1
1
1
1
1
1
1
1
1
1
1
1
1
1
1
1
1
4
1
5
14
10
5
1
1
1
1
2
4
1
1
2
1
1
2
1
3
1
1
1
6
1
1
3
6
9
2
1
1
33
5
3
69
1
1
1
9
1
12
26
16
1
10
8
11
15
1
7
17
1
16
37
6
2
1
28
4
4
7
1
10
3
4
35
15
2
1
11
1
10
2
1
1
2
16
1
1
2
1
1
1
5
2
34
1
5
1
4
61
8
2
14
1
5
2
12
1
3
2
1
1
2
2
37
17
48
10
11
4
27
35
12
11
1
