6
2
1
1
3
1
1
1
3
3
6
1
2
11
3
3
1
5
2
3
11
1
2
1
1
1
1
3
11
2
3
2
2
1
2
1
4
2
1
2
2
1
2
4
5
3
2
1
1
1
6
1
1
5
1
8
12
34
3
1
1
3
2
1
1
1
7
1
1
1
1
1
1
1
2
2
7
1
1
1
2
1
6
2
3
2
2
9
2
3
1
1
1
1
2
1
3
5
2
2
1
2
60
1
11
36
1
2
1
2
1
3
4
1
1
1
3
1
1
1
3
1
2
1
1
2
2
1
1
1
1
1
3
3
1
3
1
1
1
4
1
3
9
2
5
1
1
2
1
3
1
2
1
4
1
4
4
1
2
1
1
2
6
1
4
1
1
5
20
10
4
1
2
2
7
7
2
2
3
17
3
6
13
5
6
12
1
2
2
1
5
3
15
8
1
2
1
7
1
1
5
3
5
3
8
6
5
4
4
2
7
2
7
4
8
6
3
3
12
4
6
1
13
1
5
1
23
1
1
3
9
6
7
1
5
1
2
4
1
1
1
10
3
3
1
1
1
3
1
3
5
11
4
2
1
1
2
1
2
3
1
1
1
1
1
4
2
1
3
6
3
3
1
3
3
10
2
1
4
4
1
2
4
2
1
3
7
11
4
1
4
10
4
4
2
4
3
1
3
3
14
1
5
3
1
3
1
2
4
1
6
5
1
1
6
9
1
6
2
2
1
2
2
1
2
3
4
5
6
2
4
3
2
1
1
1
1
1
1
2
1
3
3
2
2
1
2
5
6
1
4
2
5
10
1
9
4
7
4
7
1
2
1
2
4
2
3
3
1
1
4
1
2
4
1
1
1
1
2
2
1
1
4
12
5
1
7
7
8
2
2
3
1
3
3
4
6
2
3
2
5
3
3
1
12
6
1
4
1
5
2
1
3
4
9
4
2
2
5
3
1
5
1
3
2
2
5
3
1
16
1
7
1
2
9
3
1
1
4
2
1
6
