1
1
4
2
7
1
1
4
5
13
10
1
1
1
1
1
2
5
1
3
1
2
1
1
1
1
1
2
4
2
9
1
4
8
3
1
1
1
2
2
2
3
1
1
2
1
1
9
1
5
2
1
2
1
1
1
1
1
1
1
2
1
1
7
3
1
1
1
1
3
4
1
1
2
1
1
6
1
9
1
1
3
5
1
2
2
3
8
1
4
38
1
1
1
1
16
20
2
12
2
3
1
3
1
2
1
1
1
3
4
4
8
2
3
5
1
1
2
2
1
1
1
1
1
1
2
6
23
8
4
4
1
1
1
1
3
7
3
1
1
2
3
1
1
4
1
2
2
1
1
2
1
5
1
1
1
1
1
1
3
8
1
4
15
1
2
1
2
1
1
3
1
1
1
11
1
5
1
1
3
2
1
13
2
1
2
1
1
2
2
4
1
2
3
2
2
1
2
4
10
4
2
3
1
1
4
2
6
1
1
1
6
1
1
1
1
1
5
1
1
1
1
2
4
5
1
1
6
2
2
1
3
2
2
1
4
1
5
1
2
3
1
1
2
1
13
10
7
22
7
1
3
1
1
1
4
3
1
1
1
1
1
1
5
1
1
3
2
1
1
1
1
1
3
2
1
2
3
1
2
3
3
1
1
4
5
1
2
1
4
1
34
6
2
2
1
2
1
2
6
1
20
14
8
22
12
3
25
3
2
3
11
3
35
4
9
29
19
2
5
2
29
3
1
1
1
1
1
1
2
1
6
3
8
3
1
1
14
3
7
7
16
12
1
2
1
16
1
1
1
1
3
3
1
2
7
1
12
9
5
4
5
12
1
2
16
1
1
2
8
8
5
1
1
1
1
4
11
2
15
14
6
7
8
2
4
5
16
1
20
1
1
2
1
1
1
1
1
2
5
1
2
3
6
12
4
7
6
12
6
2
2
2
3
8
1
10
2
1
1
1
2
7
1
1
1
1
3
1
3
1
4
1
4
2
7
3
2
4
2
3
3
2
7
1
4
4
5
3
1
2
1
1
5
4
22
1
2
1
1
2
1
1
1
3
1
1
1
2
4
1
1
2
1
2
4
9
2
1
1
2
2
2
1
3
1
1
5
1
7
1
8
1
1
10
15
3
6
2
14
17
6
6
5
6
1
2
4
1
1
1
1
2
15
1
20
1
2
1
2
2
5
5
3
1
1
1
3
1
7
2
5
2
4
1
5
6
3
6
2
1
2
1
2
7
10
11
1
4
6
1
1
2
1
3
2
4
1
1
17
11
5
1
16
1
1
1
5
9
4
1
1
1
1
1
2
3
1
1
1
5
1
1
2
1
3
4
1
2
2
4
1
1
6
1
1
2
3
1
28
2
8
1
3
1
2
3
4
2
5
2
2
6
2
10
1
2
1
2
2
1
1
3
2
3
6
6
3
3
2
2
4
1
1
4
2
1
2
4
1
3
1
3
7
1
1
1
1
1
5
1
1
4
1
1
7
3
2
3
1
3
1
9
1
1
2
2
1
3
1
1
3
3
2
1
7
8
2
1
1
5
1
2
3
3
2
1
2
2
10
3
2
1
2
1
1
4
1
1
2
3
1
1
2
3
1
4
4
3
4
1
2
4
4
2
2
3
1
1
1
2
2
2
2
1
2
1
11
9
2
1
2
4
2
1
2
17
19
4
3
9
1
1
1
1
3
1
1
1
7
3
1
2
1
1
3
1
1
4
2
2
1
1
1
1
1
1
5
3
2
1
20
4
5
1
1
8
12
1
1
1
1
1
1
1
1
1
1
2
1
2
2
8
2
1
1
1
4
1
3
1
2
1
1
1
1
1
1
3
1
13
1
2
1
3
3
2
1
1
3
1
5
1
5
1
1
1
1
4
2
4
5
1
4
1
2
1
1
3
1
1
4
5
1
3
3
1
4
1
1
6
8
1
3
3
7
1
1
1
2
3
1
1
12
3
10
5
3
1
3
10
2
1
2
1
2
3
3
1
1
1
1
5
4
1
1
1
5
3
1
1
2
2
4
4
4
5
1
1
6
8
6
2
1
1
1
3
10
1
1
1
2
7
1
1
2
1
1
6
2
1
8
4
1
2
1
1
1
1
1
1
3
1
1
5
2
1
5
1
1
1
5
11
2
14
2
4
1
2
1
1
1
1
3
4
5
1
1
1
1
1
4
1
1
5
1
1
5
1
