1
1
1
5
7
5
2
4
1
13
1
1
14
9
3
3
1
12
1
26
2
1
1
3
13
9
18
9
4
23
9
12
1
5
2
19
20
8
1
3
8
1
2
45
4
1
15
6
14
9
2
4
10
30
1
1
3
1
10
6
13
27
5
14
3
3
22
15
4
2
7
56
19
3
9
29
16
3
11
5
1
7
5
10
5
1
4
14
12
1
13
2
16
1
19
15
6
9
10
4
1
6
7
1
2
2
1
1
8
5
3
3
1
1
1
1
2
3
8
2
9
1
11
10
6
18
10
23
40
3
9
15
1
9
1
6
14
54
2
20
7
5
13
23
6
1
7
8
3
13
5
11
8
10
5
4
14
14
12
24
14
22
4
4
2
10
19
42
1
8
8
2
3
18
34
6
5
5
24
12
9
3
1
9
2
23
3
3
5
10
5
23
33
2
7
9
6
6
2
7
23
2
1
1
1
2
4
1
1
1
11
37
5
11
35
108
87
7
6
8
12
7
2
38
2
42
1
7
8
5
32
8
1
3
2
3
2
5
10
17
6
24
9
5
4
4
2
24
1
4
2
23
4
14
14
13
5
16
19
10
1
1
7
4
3
11
8
53
15
69
4
8
4
13
3
6
8
1
1
18
1
2
1
13
38
2
1
1
3
1
93
15
13
12
13
14
11
16
1
1
1
1
1
1
1
1
1
2
5
2
16
1
1
15
34
3
1
10
5
3
7
6
17
25
1
2
2
12
6
1
7
1
4
10
5
9
4
3
3
3
4
5
13
9
5
11
1
4
21
6
2
2
4
7
2
4
1
1
1
2
3
7
10
8
22
1
14
2
1
32
14
9
4
13
1
25
13
4
6
13
3
2
1
7
1
2
1
2
4
2
10
2
2
2
3
14
15
2
2
15
5
9
3
7
13
2
4
2
5
27
1
13
6
20
4
2
9
3
2
4
1
4
7
9
7
20
29
4
5
4
1
2
5
12
2
3
1
1
1
5
12
13
1
8
3
14
3
4
11
9
9
26
6
19
3
1
2
4
7
6
1
1
1
1
2
1
2
4
1
3
9
1
7
2
1
1
2
10
1
8
10
7
1
2
6
6
5
4
2
4
20
5
7
2
7
1
15
9
39
1
1
1
2
69
1
3
1
1
2
12
2
21
7
12
1
3
1
1
12
2
11
5
6
7
