1
3
1
2
2
1
1
1
3
1
2
4
1
1
1
1
1
1
1
1
1
3
1
1
1
1
2
1
1
1
1
1
9
13
27
1
52
18
7
2
2
1
1
1
1
2
1
2
1
1
1
1
1
1
1
3
12
3
37
1
71
7
33
12
1
2
2
3
1
2
1
1
1
3
1
1
1
1
32
13
1
4
24
10
16
15
3
20
5
3
12
6
2
3
28
11
1
14
7
15
2
3
31
56
10
9
1
39
38
1
2
2
1
1
1
13
13
2
1
28
13
15
1
1
4
2
1
5
1
1
3
1
1
1
1
1
1
3
1
1
1
1
1
1
1
1
1
7
5
5
1
1
1
1
1
1
1
2
2
2
2
1
1
2
2
2
2
4
2
1
1
2
1
5
1
2
1
1
1
18
1
24
1
7
1
1
1
1
1
10
2
3
2
2
8
3
1
2
4
2
2
7
4
8
3
1
1
1
1
1
1
1
2
2
6
1
2
2
11
23
26
2
1
10
1
1
64
31
8
1
16
4
31
15
15
21
7
1
1
1
35
5
13
6
19
6
17
13
19
9
1
39
12
7
6
22
2
42
1
33
7
9
9
2
12
103
2
50
3
3
5
40
16
11
4
2
6
9
26
8
14
3
1
1
1
2
1
1
1
1
1
1
1
1
2
1
1
4
1
1
1
1
3
1
1
4
1
4
2
1
1
1
1
2
1
3
1
2
4
1
1
1
1
1
1
1
2
1
1
4
6
6
9
1
15
25
11
53
25
8
25
46
83
3
4
31
9
2
176
1
82
4
1
10
15
1
7
7
24
5
37
11
10
7
21
3
12
15
12
22
14
3
53
38
13
4
26
1
4
1
3
2
1
6
2
1
1
1
1
1
2
3
2
4
1
1
1
4
2
1
1
1
3
1
1
14
35
8
3
4
5
17
42
11
4
19
24
1
1
5
1
2
1
2
3
2
3
1
1
6
1
1
1
1
1
2
1
4
1
1
1
1
1
1
1
2
1
20
3
2
1
1
2
2
15
12
22
39
46
4
2
14
6
12
5
17
15
23
10
19
11
29
34
1
1
1
2
1
1
1
2
12
4
5
11
8
4
1
2
1
17
79
3
1
8
17
2
10
6
5
2
1
1
2
1
38
1
3
14
13
3
20
16
2
2
15
21
3
6
4
3
2
6
1
23
58
4
5
19
2
2
3
2
5
25
20
35
1
11
1
5
1
1
2
2
26
4
4
1
1
3
3
1
2
2
1
7
18
12
2
1
31
14
80
13
7
6
1
2
4
1
5
2
1
2
2
1
1
1
1
1
1
12
2
20
2
1
1
2
2
1
6
2
2
3
2
11
3
7
4
1
13
1
1
35
4
26
5
1
7
28
21
15
9
13
6
5
1
3
6
1
2
2
1
1
1
1
1
1
1
2
3
1
3
2
3
1
4
1
2
1
1
1
2
1
3
1
3
1
3
1
2
3
2
5
1
2
3
3
1
1
1
1
1
1
2
3
1
2
1
1
2
1
1
12
2
5
38
2
43
14
