1
2
2
1
6
2
2
1
1
2
2
1
3
10
2
1
1
2
3
3
2
3
3
1
1
2
3
2
1
3
5
1
4
1
1
1
5
1
1
1
1
1
1
8
1
3
2
3
6
3
17
3
5
1
8
1
2
4
6
5
1
1
1
2
4
1
6
4
1
1
3
8
1
3
5
4
1
3
6
2
5
9
7
1
8
11
9
15
14
9
2
5
7
5
5
7
2
1
1
1
8
1
5
2
4
1
1
5
1
1
1
1
1
4
3
14
3
4
2
2
5
4
2
2
1
2
1
1
5
7
3
3
1
1
1
1
4
7
3
1
1
3
1
2
12
5
1
7
9
2
1
2
1
2
17
1
7
1
1
3
4
1
7
1
3
6
8
2
1
1
7
3
2
2
1
6
5
4
1
1
3
1
1
8
9
2
4
2
2
1
1
1
1
1
1
1
1
2
4
2
1
1
2
5
18
6
1
1
4
1
3
1
1
1
6
2
7
1
5
1
9
10
10
1
1
1
4
3
1
3
1
7
1
1
3
1
4
2
3
6
11
4
10
9
2
6
1
1
2
1
1
4
2
3
3
5
6
3
1
5
3
1
3
1
5
4
18
2
1
7
6
8
1
3
5
10
1
2
10
3
6
1
6
5
1
7
2
4
1
3
1
1
1
1
1
1
1
4
5
10
4
4
1
1
2
1
9
1
1
1
1
2
3
11
2
1
9
11
2
4
1
2
9
4
4
2
4
2
1
1
7
5
3
1
6
5
4
2
1
1
1
2
1
1
1
1
28
17
6
1
1
7
1
1
2
3
6
1
1
1
1
2
1
2
4
3
1
1
2
2
2
1
1
1
2
1
1
2
1
1
4
2
1
1
2
1
3
1
1
1
7
4
8
1
3
2
4
16
3
5
1
1
11
16
5
26
1
18
2
4
6
1
2
18
3
4
4
2
1
1
24
1
2
4
6
9
4
1
2
16
2
6
1
2
3
2
10
1
1
1
1
2
3
1
2
5
3
7
9
23
7
5
1
16
8
1
11
16
5
18
1
1
2
2
4
5
4
8
2
3
6
1
5
1
4
8
4
8
11
4
9
1
1
1
2
7
1
1
1
7
3
6
9
7
1
2
1
8
6
5
1
2
2
3
1
1
3
1
14
1
3
3
7
1
11
1
1
2
2
1
1
1
1
32
2
5
3
1
2
6
2
1
4
1
15
6
6
2
2
13
3
1
4
13
10
1
2
1
1
3
1
2
13
11
7
1
3
6
1
1
1
3
5
1
1
2
9
1
2
15
7
1
1
1
5
1
1
1
1
7
10
1
3
8
9
3
4
1
2
2
2
1
7
1
4
1
2
11
1
2
2
3
1
10
2
2
6
1
2
2
1
1
6
3
1
8
9
4
1
4
1
2
5
1
2
1
3
2
3
1
1
2
1
4
1
2
1
1
1
3
1
5
1
2
3
1
12
1
1
12
34
1
3
3
2
2
6
10
5
2
5
11
4
3
1
5
1
1
2
1
1
5
1
2
20
1
28
1
1
2
5
3
3
7
9
2
1
3
2
3
1
10
4
2
2
6
2
1
3
2
2
4
2
3
14
1
1
1
3
2
2
3
1
8
3
1
1
2
7
3
3
16
1
1
3
6
5
6
1
9
3
6
1
14
5
24
2
2
1
1
1
1
3
2
1
1
2
3
2
2
7
1
1
2
2
3
1
9
6
1
9
1
1
2
4
9
2
4
1
10
7
1
9
7
5
2
2
2
12
1
10
5
19
1
5
9
2
1
3
2
12
1
2
1
3
1
24
15
3
2
2
1
11
3
1
2
1
1
1
4
1
3
1
8
10
8
12
2
1
1
2
6
7
1
2
2
8
4
2
5
5
1
1
1
2
1
3
1
1
6
1
1
7
5
1
3
2
2
2
1
2
1
1
10
2
2
1
1
1
2
3
1
6
14
3
2
18
12
1
1
1
8
1
2
12
2
4
1
3
11
2
1
3
7
1
4
1
1
1
1
3
1
4
1
1
9
1
1
1
1
1
1
1
5
1
13
3
9
2
3
3
6
3
5
13
6
2
7
12
2
3
4
1
14
1
1
1
1
2
2
4
4
7
3
3
7
1
3
7
6
1
4
2
13
1
4
1
3
11
7
2
4
4
6
1
1
1
3
1
4
3
6
6
12
6
4
3
3
1
2
1
4
2
2
3
3
3
2
1
1
5
4
2
1
8
1
4
1
13
2
2
1
1
2
1
3
8
21
3
4
6
3
4
3
1
18
1
3
3
2
1
6
2
3
4
1
10
8
12
8
5
2
2
8
1
36
9
13
4
3
2
5
2
12
7
1
1
5
2
2
5
12
9
3
1
1
9
2
11
18
5
2
3
1
1
7
2
2
1
1
1
15
5
2
24
5
5
2
3
2
1
3
4
2
2
1
8
9
1
1
5
1
1
3
4
2
3
1
2
1
1
2
19
2
1
2
1
1
6
3
5
3
1
4
1
1
2
2
2
1
1
1
20
2
3
1
1
2
9
3
1
4
3
5
6
5
5
2
4
2
4
3
1
15
7
1
5
1
3
9
1
1
3
3
1
1
1
5
11
3
1
1
16
5
1
4
2
3
2
11
7
3
1
3
1
3
13
1
1
1
2
1
1
2
1
3
1
1
5
16
4
1
9
5
21
6
3
23
11
1
2
1
1
7
2
2
3
2
1
4
3
1
2
2
2
1
9
1
4
4
3
1
1
1
3
1
1
8
1
3
3
15
5
5
1
20
7
1
1
7
6
3
1
15
5
9
1
1
3
3
1
8
2
1
5
2
1
2
5
1
10
1
7
1
1
4
50
1
10
1
1
7
3
6
1
1
2
2
1
7
5
3
2
1
2
3
3
1
3
3
4
5
6
6
14
29
16
2
2
1
19
3
8
1
21
8
11
20
1
1
12
5
19
3
2
1
2
5
12
2
1
2
1
1
1
1
2
1
1
3
6
5
8
1
5
5
1
6
3
8
15
1
13
4
1
1
3
1
1
1
3
5
1
2
1
3
2
1
3
3
3
1
3
1
1
1
6
8
2
1
1
1
17
2
5
1
10
4
10
3
4
5
2
1
1
3
1
1
1
1
1
1
2
9
5
3
1
4
4
3
2
4
1
1
1
1
2
6
2
1
2
3
6
2
4
2
3
1
2
6
1
1
1
1
1
1
1
5
9
2
2
2
5
2
6
1
6
1
2
1
2
1
6
1
12
1
1
4
1
1
6
2
2
1
1
2
9
1
39
4
6
1
4
9
1
2
2
2
8
1
1
1
1
4
2
1
1
19
4
1
1
1
1
1
2
2
8
17
2
13
4
1
3
1
1
1
2
4
3
3
1
1
1
1
1
9
2
3
1
1
4
11
7
2
1
3
2
15
2
1
1
2
2
1
17
13
1
5
5
1
