1
1
1
1
1
1
1
1
1
1
1
1
2
1
1
1
1
1
1
1
1
1
4
1
1
1
2
1
1
1
1
1
3
1
1
1
1
1
1
1
1
1
1
1
1
1
1
1
1
1
2
1
1
1
1
1
23
7
4
1
1
2
1
1
1
3
1
1
1
2
3
1
1
1
1
1
1
1
1
1
1
1
1
1
1
1
1
1
1
1
1
11
1
1
1
1
1
1
1
1
1
7
1
1
1
1
1
1
1
1
2
1
1
2
1
1
4
1
1
1
1
2
1
1
1
1
1
2
1
1
1
1
1
1
1
2
1
1
1
1
1
1
4
1
1
5
19
1
1
1
1
2
2
1
1
1
1
1
1
1
2
1
1
2
3
1
1
2
1
1
1
1
1
1
1
1
1
1
1
1
2
1
1
1
1
1
1
3
2
6
1
1
1
1
2
2
1
1
2
2
2
2
1
1
1
1
1
1
1
1
1
1
1
1
1
1
2
1
1
1
1
2
1
1
1
1
1
1
1
1
1
1
1
1
2
1
1
2
1
1
1
1
1
1
1
2
2
1
1
1
1
1
2
3
1
1
1
1
1
2
2
1
1
1
1
1
2
1
1
1
1
1
4
19
1
1
1
1
1
1
1
1
1
1
1
1
1
4
4
1
1
1
1
2
3
1
1
1
1
1
1
2
1
1
1
1
8
1
1
1
3
1
1
1
15
1
3
1
1
1
1
1
1
2
1
1
1
1
1
1
1
1
1
1
1
1
1
2
2
1
2
3
1
1
1
1
2
1
1
1
1
1
