3
3
2
1
2
3
4
11
12
2
1
1
4
2
10
1
6
1
9
2
4
2
4
6
15
5
9
10
1
1
1
3
1
1
2
19
3
3
1
5
2
1
2
1
1
1
9
8
1
4
2
4
1
2
4
2
2
1
1
2
5
11
7
3
17
5
8
2
1
1
1
4
2
8
4
4
12
10
3
40
16
20
1
7
2
1
1
5
1
4
1
3
1
44
36
1
2
1
8
9
1
1
4
1
4
2
1
1
1
22
7
4
7
29
8
2
2
1
1
1
15
1
2
20
1
2
1
3
6
4
3
110
1
6
5
8
1
7
2
14
11
6
6
7
9
1
4
11
5
1
1
2
1
1
5
6
14
1
1
2
16
6
1
3
1
1
1
4
1
9
1
9
1
1
5
17
10
1
1
2
2
4
4
13
13
10
6
2
1
1
17
2
2
3
1
1
8
1
5
9
5
2
1
4
3
1
34
1
4
5
1
1
2
3
10
1
1
4
1
3
1
1
3
1
1
5
12
8
11
2
36
5
2
1
1
3
10
1
1
2
1
1
2
1
6
20
32
6
1
1
1
2
1
21
9
25
1
2
1
1
1
2
20
27
4
38
32
15
10
1
4
9
32
1
1
2
2
3
2
67
3
23
4
30
1
20
6
5
47
1
11
2
3
5
16
1
23
17
3
13
9
3
15
8
6
13
22
19
4
2
11
10
4
8
8
1
2
5
1
8
6
21
45
8
73
1
8
2
1
1
5
2
2
18
5
3
3
1
15
2
6
1
2
1
2
1
4
13
2
1
1
1
10
1
86
16
5
1
1
2
1
2
1
1
1
3
1
1
2
1
2
1
1
1
2
1
1
3
2
1
1
3
3
3
17
9
7
4
6
1
3
1
2
3
1
1
1
10
1
1
3
1
2
1
1
10
3
2
1
3
2
1
1
1
2
4
1
2
1
2
1
8
1
3
1
4
1
1
4
1
5
25
11
1
1
