1
1
1
2
3
5
1
1
1
1
1
3
1
2
12
1
1
1
2
4
6
4
5
3
4
1
7
1
3
5
3
1
1
1
4
14
12
1
2
4
3
1
1
1
2
3
1
1
1
3
1
1
1
1
3
2
1
1
1
1
1
1
1
1
9
2
4
11
1
2
8
1
5
3
1
4
2
1
5
20
3
6
3
1
3
12
1
5
7
6
4
19
5
8
3
20
3
5
5
2
1
13
6
6
9
3
7
3
9
3
11
1
2
1
8
2
1
4
3
1
21
8
4
1
5
1
1
5
1
1
2
1
1
8
6
6
7
10
2
1
4
5
1
4
10
1
1
1
1
1
2
1
2
9
2
2
1
1
1
2
3
4
1
1
4
4
7
3
2
1
1
7
3
16
1
6
1
5
5
14
1
6
48
2
1
14
3
1
1
1
1
4
4
3
11
6
36
2
3
3
6
7
2
1
2
8
7
3
1
1
1
3
5
1
9
1
2
21
2
1
4
1
3
3
2
5
1
1
1
3
1
1
1
2
7
2
1
4
2
2
4
1
1
9
1
5
1
3
1
2
1
4
1
1
1
1
11
6
15
6
1
4
1
1
5
1
1
7
3
2
6
1
1
2
1
2
2
1
2
19
3
1
1
1
4
1
4
6
8
2
1
4
2
1
1
2
1
3
3
1
1
4
1
6
1
1
3
1
9
1
2
1
1
1
1
1
7
1
9
8
6
4
5
2
3
1
2
1
4
1
8
3
1
5
1
1
6
3
1
1
3
1
3
1
1
6
1
2
2
1
3
1
1
2
6
4
1
4
1
1
2
1
2
1
1
2
3
2
3
10
1
3
1
1
3
1
1
4
2
2
2
2
1
5
1
3
1
1
1
2
1
7
1
1
16
8
2
2
23
11
27
2
4
1
1
2
2
1
4
1
3
1
4
6
4
5
2
2
1
1
1
3
5
3
5
1
1
1
2
7
5
34
11
4
5
3
1
14
2
1
2
8
2
6
1
1
1
5
5
2
1
4
6
2
2
1
1
1
1
2
1
1
3
1
1
1
1
1
5
6
3
7
2
1
24
13
1
3
3
9
1
1
23
11
14
11
3
7
15
8
17
11
6
41
27
6
3
3
1
3
1
1
1
10
5
1
3
1
1
5
1
1
1
1
3
2
1
5
6
1
7
6
2
1
2
2
2
1
3
1
1
2
1
1
13
6
2
1
1
7
1
3
2
4
4
8
1
1
1
1
4
1
1
5
9
10
1
1
3
10
2
7
1
1
1
1
2
1
1
1
1
18
5
2
2
5
4
2
5
2
6
3
3
3
2
3
1
3
2
1
5
2
1
1
2
2
1
1
2
1
2
1
1
1
1
2
1
1
1
10
3
1
2
9
2
2
1
3
1
1
2
8
5
7
1
7
1
41
6
1
2
8
2
2
3
1
1
1
7
2
2
1
1
1
2
2
1
1
1
2
2
1
2
4
3
1
7
4
1
3
1
3
1
20
2
21
14
1
9
1
1
5
3
2
2
6
1
2
2
3
1
5
1
1
3
1
2
1
2
2
5
1
2
5
1
1
1
3
1
4
4
3
1
1
1
1
3
4
2
1
1
3
1
1
1
1
1
1
1
1
3
5
5
1
2
6
2
1
3
3
7
1
1
4
13
1
3
1
1
3
2
3
5
3
1
1
4
2
1
1
3
3
7
1
4
2
1
2
1
1
1
2
6
21
4
7
2
3
1
2
1
2
3
1
2
5
2
1
3
1
5
1
3
1
2
6
1
1
5
5
1
1
1
1
28
70
2
1
2
4
2
1
3
1
3
1
1
2
1
3
1
1
1
1
1
1
1
2
2
3
1
11
4
2
3
1
9
5
6
19
13
3
1
1
4
4
5
6
4
2
4
1
2
3
1
1
4
8
1
15
6
1
10
3
21
11
5
1
33
13
5
9
2
1
1
3
18
1
1
5
4
1
11
1
5
10
1
11
6
3
9
4
8
1
4
1
6
4
12
2
1
4
1
14
6
6
1
1
1
3
1
1
2
3
2
1
1
1
2
5
1
1
2
1
1
2
1
1
4
1
1
1
1
3
2
1
6
1
1
1
4
2
6
2
6
1
1
3
12
1
1
4
1
17
1
2
5
1
2
1
1
1
1
1
1
9
2
1
1
1
4
3
2
3
2
8
1
1
1
1
2
7
3
1
10
9
123
21
14
17
51
4
8
13
5
11
3
1
9
1
6
5
3
6
5
1
2
2
6
2
2
2
30
2
4
7
9
1
4
1
2
3
1
9
15
1
12
2
1
16
5
3
2
1
1
1
1
5
1
6
2
8
5
6
1
1
2
4
11
6
1
4
5
2
2
3
2
2
2
2
1
2
7
1
2
2
7
6
1
2
2
2
11
5
1
3
1
2
1
4
1
1
7
1
3
1
7
1
4
2
1
11
16
1
1
2
11
5
20
1
1
1
2
3
1
2
10
4
1
2
2
2
1
5
1
1
1
2
7
2
1
10
4
9
6
4
3
1
8
6
14
1
1
1
2
6
6
2
6
8
1
11
19
9
16
19
5
2
4
1
9
2
1
1
1
1
1
1
1
1
1
2
1
4
3
1
1
1
1
4
1
2
1
1
1
1
3
4
4
2
6
4
2
2
2
2
11
13
1
1
1
18
3
4
1
13
4
1
1
9
2
1
3
2
1
3
1
1
1
1
1
5
2
1
1
11
1
9
2
11
12
