2
4
9
3
1
13
3
16
1
1
1
1
1
2
2
3
1
1
6
5
2
3
1
2
1
1
1
5
1
3
1
6
1
3
1
1
1
2
1
2
1
1
1
2
1
3
2
3
3
8
3
1
4
8
6
9
4
1
1
12
20
2
4
7
2
9
1
4
2
2
6
4
4
1
4
10
6
3
4
3
3
9
7
1
6
4
1
1
2
1
4
5
10
12
7
1
11
7
7
1
1
2
1
5
1
1
1
1
11
3
2
2
1
2
1
1
1
2
3
3
1
1
1
8
12
2
3
2
18
2
4
9
13
1
2
1
3
1
7
7
3
2
1
1
1
1
7
6
2
2
6
5
2
11
4
1
1
2
8
1
2
1
2
21
2
16
7
5
4
3
2
7
4
2
2
3
33
1
5
1
2
6
16
1
1
8
2
2
1
4
2
2
2
4
2
1
1
3
2
1
1
2
4
9
2
5
1
1
4
2
6
2
6
3
5
11
11
1
4
1
2
4
3
7
28
2
12
1
1
3
214
32
41
8
1
1
5
3
3
10
3
2
20
4
1
13
3
4
4
15
1
7
14
36
17
1
2
7
2
1
6
1
1
1
10
3
2
1
8
2
10
7
7
3
1
1
1
1
1
6
1
2
2
6
8
1
5
6
1
2
2
6
3
1
2
8
2
8
1
1
2
6
2
14
1
1
2
1
1
1
1
1
9
2
1
19
1
1
16
12
10
5
5
3
1
3
3
7
2
18
17
10
2
9
8
7
3
2
1
1
7
6
3
5
15
3
2
4
9
1
2
2
1
3
7
3
1
3
4
11
7
1
3
10
1
1
5
7
7
3
1
1
3
7
9
2
2
1
16
14
14
1
6
7
8
2
1
3
2
5
2
4
1
6
9
3
9
23
1
24
2
2
14
10
3
8
4
1
5
7
2
1
5
3
10
8
4
1
7
3
21
4
3
30
9
1
4
2
8
1
4
9
8
7
3
16
15
1
1
1
1
1
1
23
5
2
2
1
1
7
3
2
2
2
3
1
13
3
2
3
3
21
2
3
1
2
1
9
10
7
3
2
7
1
2
8
16
2
15
1
2
1
4
3
2
7
12
5
28
7
2
1
1
14
1
1
12
6
2
26
1
8
1
5
4
1
9
7
1
4
1
8
13
4
2
5
13
3
6
1
1
1
3
1
10
2
6
2
10
9
4
9
1
5
2
7
3
2
2
3
6
1
3
1
4
1
4
5
1
1
2
1
1
12
8
2
4
5
9
1
1
3
7
7
1
3
2
4
1
10
7
2
1
1
5
1
5
2
1
1
1
1
1
3
2
4
4
3
7
1
3
9
2
1
1
3
3
3
1
2
4
1
4
1
11
3
7
7
4
4
1
1
1
1
6
1
19
8
6
3
9
6
19
15
1
4
1
22
1
5
3
3
1
5
2
1
5
2
11
2
1
2
6
4
2
4
1
1
2
7
1
1
6
12
4
10
2
11
12
4
2
1
1
2
4
7
3
2
2
1
8
4
5
1
8
2
1
9
1
1
2
1
7
4
15
2
1
2
1
5
2
26
1
2
2
2
2
3
2
3
6
1
2
1
1
1
1
1
2
3
11
1
11
2
1
17
3
1
12
9
3
1
2
1
2
1
4
2
5
1
2
1
1
1
1
2
4
1
5
2
4
3
7
7
2
4
1
1
3
6
25
9
14
11
8
1
5
1
2
1
1
1
11
8
6
4
1
1
4
1
2
1
3
3
2
1
1
15
5
1
6
1
5
12
7
8
7
1
14
1
4
8
5
1
2
9
2
3
1
2
1
7
2
8
1
3
2
4
1
3
8
1
1
1
7
5
2
1
3
1
1
14
9
9
1
11
12
3
6
4
1
1
6
3
2
2
3
5
3
1
4
4
17
2
4
18
5
6
3
4
2
1
1
13
1
8
3
1
8
6
1
2
7
1
2
1
3
2
1
1
2
4
2
3
1
2
4
1
1
3
7
1
4
4
2
1
28
1
6
9
1
1
8
3
3
5
1
3
1
3
1
4
12
2
1
1
1
2
2
3
1
1
4
9
21
7
24
12
6
2
1
13
14
4
24
2
1
3
17
25
5
19
18
4
3
14
3
6
3
7
1
3
9
9
1
3
2
2
1
1
3
1
8
1
2
2
5
1
1
1
1
3
1
3
1
5
4
3
1
1
4
1
5
1
2
3
2
2
1
2
1
4
11
8
2
2
4
3
1
7
1
2
2
2
1
2
2
1
1
6
3
1
3
3
4
4
4
4
3
14
7
1
3
1
7
3
1153
