1
2
1
1
1
1
1
2
8
9
13
1
9
3
2
3
1
1
2
2
2
1
1
1
1
3
3
1
4
2
2
1
1
1
1
1
2
1
2
1
1
1
2
1
1
4
3
2
1
1
3
1
2
1
23
1
1
1
1
1
2
1
2
1
1
3
1
1
1
1
3
1
1
3
4
1
2
1
3
3
2
1
3
1
1
1
1
1
1
1
1
2
2
1
1
1
5
1
2
1
20
14
5
1
1
3
1
1
17
2
3
1
2
5
9
1
1
2
2
7
2
3
1
1
2
2
3
1
2
1
7
2
1
1
14
15
1
1
2
4
41
3
1
10
1
5
1
1
1
1
9
1
1
1
1
1
1
5
11
5
1
1
4
3
6
6
1
1
2
1
2
2
3
1
1
1
1
1
1
2
1
6
3
6
1
1
3
3
3
1
8
10
3
3
3
6
1
7
2
3
19
8
1
3
2
6
3
1
3
3
5
1
7
1
1
3
1
3
3
1
2
1
3
5
1
3
2
3
2
7
4
2
11
3
2
2
3
2
2
2
1
3
1
2
4
3
1
2
1
4
1
2
1
7
5
2
1
7
5
1
1
9
8
2
6
12
11
10
2
1
4
2
3
1
1
4
2
1
3
1
4
1
8
2
1
3
3
2
1
3
2
2
1
1
1
2
4
1
1
1
1
3
2
1
1
3
5
1
1
2
1
3
1
1
1
2
1
1
3
1
1
1
1
1
1
1
2
1
2
1
1
2
12
1
1
15
7
6
1
2
9
25
1
2
5
10
4
2
7
2
4
1
1
1
1
1
1
1
1
3
1
1
1
1
5
1
3
5
2
2
2
1
1
1
5
2
3
3
1
1
1
1
3
1
1
2
5
1
9
2
1
2
4
1
1
10
10
3
2
5
3
1
1
8
18
1
1
1
1
4
6
1
2
4
3
2
5
1
1
1
4
1
1
1
1
1
2
1
2
2
1
1
6
7
1
10
2
3
1
1
1
2
1
1
2
1
2
1
2
3
2
1
1
3
3
1
1
8
4
1
1
1
9
1
1
1
1
1
5
1
5
1
6
10
6
1
2
3
6
3
2
1
6
1
2
2
7
1
1
1
1
4
1
2
1
1
1
1
1
1
5
1
2
1
6
1
3
8
2
1
3
1
1
1
1
2
1
1
