5
4
8
6
7
3
1
7
7
8
7
6
4
8
6
9
2
3
3
5
2
4
9
2
1
20
14
13
6
1
4
12
3
2
3
4
1
2
1
7
6
4
3
5
2
5
3
6
1
1
2
2
5
10
4
2
2
13
1
8
1
3
1
10
6
3
1
5
2
1
6
2
3
1
2
4
1
4
4
13
10
8
1
2
8
4
3
4
3
3
1
3
7
13
4
11
4
4
1
3
13
2
1
3
7
8
1
1
5
4
14
7
5
1
2
2
2
1
3
6
2
1
2
5
6
13
1
1
3
3
1
2
8
3
5
7
4
1
5
3
23
15
2
14
5
10
2
14
7
1
3
8
23
9
11
10
6
14
6
22
9
2
7
1
10
11
3
2
16
2
3
1
1
4
4
8
7
2
5
27
6
63
1
1
5
6
6
126
1
1
2
44
11
4
2
85
328
3
3
3
1
1
2
11
5
1
5
1
3
24
4
4
1
1
4
244
55
1
167
1
4
3
91
162
2
386
48
38
3
