1	0	0	0
1007	0	0	0
1038	0	0	0
1041	0	0	0
1045	0	0	0
1046	0	0	0
1051	48.2352941176471	820	318
1054	8.01754385964912	457	117
1055	22.9000000000000	229	97
1056	926	926	926
1057	42.9047619047619	901	700
1060	8.22033898305085	485	127
1086	0	0	0
1103	0	0	0
1167	0	0	0
1173	0	0	0
1177	0	0	0
1190	0	0	0
1197	0	0	0
1201	0	0	0
1211	0	0	0
122	0	0	0
1223	0	0	0
1224	0	0	0
1233	0	0	0
1246	0	0	0
1249	0	0	0
1260	0	0	0
1274	0	0	0
1278	0	0	0
1279	0	0	0
1294	0	0	0
1310	0	0	0
1324	0	0	0
134	0	0	0
135	0	0	0
1351	0	0	0
1354	0	0	0
1374	0	0	0
1377	0	0	0
1386	0	0	0
1389	0	0	0
1400	0	0	0
1406	0	0	0
1413	0	0	0
1416	0	0	0
1418	0	0	0
1419	0	0	0
1433	16.5925925925926	448	183
1439	7	105	43
1440	4	280	33
1448	0	0	0
1460	0	0	0
1481	37.6000000000000	188	105
1483	44.8000000000000	896	631
15	8.62962962962963	233	44
1501	0	0	0
1507	0	0	0
1540	0	0	0
1552	0	0	0
1553	0	0	0
1579	12.4000000000000	372	115
1580	1	1	1
1585	11.3333333333333	408	183
1586	69	828	596
1604	19.3333333333333	638	209
1606	0	0	0
161	9.02127659574468	424	60
1616	2.50000000000000	5	4
162	13.4901960784314	688	143
1625	0	0	0
1642	0	0	0
1660	101.333333333333	912	772
1661	1.50000000000000	9	4
1662	25.6250000000000	820	458
1663	0	0	0
1668	1	1	1
167	14.0750000000000	563	161
168	21.6111111111111	778	221
1702	0	0	0
1705	0	0	0
1715	0	0	0
1724	0	0	0
1752	24.4615384615385	318	62
1758	0	0	0
1771	0	0	0
1784	82.7272727272727	910	328
1791	0	0	0
1796	0	0	0
1813	0	0	0
1838	30.4000000000000	760	200
1841	0	0	0
186	17.4761904761905	367	187
1861	0	0	0
188	5.53846153846154	72	22
1893	0	0	0
1899	0	0	0
1904	0	0	0
1906	0	0	0
1931	19.8695652173913	457	140
1932	13.7857142857143	193	66
1947	0	0	0
1955	0	0	0
1966	0	0	0
1972	0	0	0
1977	0	0	0
198	5.57142857142857	351	49
1983	0	0	0
1984	0	0	0
1987	0	0	0
1988	0	0	0
1990	0	0	0
1992	0	0	0
1995	0	0	0
1997	0	0	0
2007	0	0	0
2028	0	0	0
2031	0	0	0
2035	0	0	0
2038	0	0	0
2048	0	0	0
2057	0	0	0
2062	0	0	0
2063	0	0	0
207	0	0	0
2085	0	0	0
2098	31.2962962962963	845	205
21	18.8809523809524	793	159
2105	114.125000000000	913	487
2108	0	0	0
2111	0	0	0
2158	0	0	0
2161	29.6250000000000	711	408
2162	183.400000000000	917	387
2178	0	0	0
2195	0	0	0
2196	0	0	0
22	75	900	539
2200	0	0	0
2206	0	0	0
2212	0	0	0
2218	0	0	0
2231	34.9523809523810	734	599
224	0	0	0
2250	11.5000000000000	644	203
2259	0	0	0
2261	0	0	0
2290	0	0	0
2325	0	0	0
2330	6.61956521739131	609	65
2331	100.222222222222	902	450
2336	1	2	1
2361	0	0	0
2376	0	0	0
2388	49.9230769230769	649	392
2394	1	1	1
2402	0	0	0
2403	0	0	0
2416	0	0	0
242	62.7142857142857	878	336
2425	0	0	0
243	1.50000000000000	6	3
244	1	1	1
245	58.9333333333333	884	580
2456	0	0	0
2459	0	0	0
2463	9.60000000000000	48	41
2464	0	0	0
2469	9.58064516129032	594	113
2472	27.5806451612903	855	239
2473	69.9230769230769	909	354
2474	19.5227272727273	859	308
2475	5.94915254237288	351	118
2478	0	0	0
250	22.0789473684211	839	133
2504	0	0	0
2521	0	0	0
2585	0	0	0
2591	0	0	0
2595	0	0	0
2608	0	0	0
2615	0	0	0
2619	0	0	0
2629	0	0	0
2641	0	0	0
2642	0	0	0
2651	0	0	0
2664	0	0	0
2667	0	0	0
2678	0	0	0
2692	0	0	0
2696	0	0	0
2697	0	0	0
2712	0	0	0
2728	0	0	0
2742	0	0	0
2769	0	0	0
2772	0	0	0
2792	0	0	0
2795	0	0	0
2804	0	0	0
2807	0	0	0
2818	0	0	0
2824	0	0	0
2831	0	0	0
2834	0	0	0
2836	0	0	0
2837	0	0	0
284	0	0	0
2851	0	0	0
2857	20.3333333333333	366	132
2858	20.2631578947368	385	160
2866	0	0	0
287	0	0	0
2878	0	0	0
2899	0	0	0
2901	90.8750000000000	727	413
2919	0	0	0
2925	0	0	0
2958	0	0	0
297	0	0	0
2970	0	0	0
2971	0	0	0
2997	34.1904761904762	718	378
2998	1	1	1
30	6.14285714285714	86	50
3003	21.7931034482759	632	265
3004	10.6666666666667	128	52
3022	184.200000000000	921	568
3024	11.0869565217391	510	170
3034	0	0	0
3043	0	0	0
306	0	0	0
3060	0	0	0
3078	461.500000000000	923	907
3079	12.4615384615385	648	71
3080	13.5000000000000	108	44
3081	14.0200000000000	701	72
3086	0	0	0
3120	0	0	0
3123	0	0	0
3133	0	0	0
3142	0	0	0
3170	2.14285714285714	15	8
3176	462	924	591
3189	25.9629629629630	701	114
3202	0	0	0
3209	0	0	0
3214	0	0	0
3231	0	0	0
3256	31.1851851851852	842	227
3259	10	670	151
3279	0	0	0
3311	0	0	0
3317	0	0	0
3322	0	0	0
3324	0	0	0
334	44.7000000000000	894	177
3349	3	3	3
3350	2.50000000000000	5	4
3365	23.5714285714286	825	180
3373	13.8571428571429	97	72
3384	0	0	0
3390	0	0	0
3395	0	0	0
340	0	0	0
3401	0	0	0
3402	0	0	0
3405	0	0	0
3406	0	0	0
3408	0	0	0
3410	0	0	0
3413	0	0	0
3415	0	0	0
3425	17.5106382978723	823	141
3446	0	0	0
3449	0	0	0
3453	0	0	0
3456	0	0	0
3466	0	0	0
3475	0	0	0
3480	0	0	0
3481	0	0	0
3503	0	0	0
3516	0	0	0
3523	0	0	0
3526	0	0	0
3529	0	0	0
353	100.777777777778	907	281
3576	0	0	0
3579	9.85483870967742	611	111
3580	925	925	925
3596	0	0	0
3613	0	0	0
3614	0	0	0
3618	0	0	0
3624	0	0	0
3630	0	0	0
3636	0	0	0
3649	3.50000000000000	7	6
366	8.62500000000000	276	42
3668	8.56140350877193	488	278
3677	64.5555555555556	581	372
3679	3.08888888888889	139	21
3708	0	0	0
373	69.6153846153846	905	426
3743	0	0	0
3748	7.89655172413793	687	149
3749	0	0	0
3754	0	0	0
3779	0	0	0
378	19.2500000000000	154	68
3794	0	0	0
3806	0	0	0
3812	0	0	0
3820	0	0	0
3821	0	0	0
3834	0	0	0
3843	0	0	0
3874	0	0	0
3877	0	0	0
3881	0	0	0
3882	0	0	0
3887	16.6666666666667	550	96
3890	461	922	682
3891	0	0	0
3892	462	924	899
3893	22.1515151515152	731	137
3896	0	0	0
3922	0	0	0
3939	0	0	0
395	0	0	0
4003	0	0	0
4009	0	0	0
4013	0	0	0
4026	0	0	0
4033	0	0	0
4037	0	0	0
4047	0	0	0
4059	0	0	0
4060	0	0	0
4069	0	0	0
4082	0	0	0
4085	0	0	0
4096	0	0	0
4110	0	0	0
4114	0	0	0
4115	0	0	0
4130	0	0	0
4146	0	0	0
4160	0	0	0
4187	0	0	0
4190	0	0	0
42	0	0	0
420	53	901	169
4210	0	0	0
4213	0	0	0
4222	0	0	0
4225	10.6764705882353	363	113
423	11.6290322580645	721	106
4236	0	0	0
4242	0	0	0
4249	0	0	0
4252	0	0	0
4254	0	0	0
443	0	0	0
475	0	0	0
481	0	0	0
486	0	0	0
488	0	0	0
513	36.8750000000000	885	276
514	11.8571428571429	498	112
529	0	0	0
537	0	0	0
548	0	0	0
554	0	0	0
559	0	0	0
565	0	0	0
566	0	0	0
569	0	0	0
570	0	0	0
572	0	0	0
574	0	0	0
577	0	0	0
579	0	0	0
589	0	0	0
610	0	0	0
613	74.9166666666667	899	299
617	0	0	0
620	11	11	11
63	11.1971830985916	795	100
630	0	0	0
639	0	0	0
644	0	0	0
645	0	0	0
65	31.3928571428571	879	246
667	0	0	0
680	1.50000000000000	3	2
687	8.79545454545455	387	152
690	27.9655172413793	811	256
693	69	897	400
740	0	0	0
743	0	0	0
744	0	0	0
760	0	0	0
777	0	0	0
778	0	0	0
782	0	0	0
788	0	0	0
794	0	0	0
800	0	0	0
813	0	0	0
83	0	0	0
832	0	0	0
841	0	0	0
843	0	0	0
872	0	0	0
89	0	0	0
907	0	0	0
912	1	7	1
913	114.125000000000	913	420
918	184.200000000000	921	529
943	0	0	0
958	0	0	0
970	0	0	0
976	925	925	925
984	0	0	0
985	0	0	0
998	0	0	0
