1	20.3593750000000	5212	141
1007	0	0	0
1038	0	0	0
1041	0	0	0
1045	0	0	0
1046	1.41250000000000	113	4
1051	1	5	1
1054	15.1345514950166	9111	252
1055	4.47014456316782	7112	108
1056	7.09387755102041	8690	70
1057	11.1880141010576	9521	200
1060	1.19354838709677	37	3
1086	0	0	0
1103	0	0	0
1167	0	0	0
1173	0	0	0
1177	0	0	0
1190	0	0	0
1197	0	0	0
1201	0	0	0
1211	0	0	0
122	0	0	0
1223	0	0	0
1224	0	0	0
1233	0	0	0
1246	0	0	0
1249	0	0	0
1260	0	0	0
1274	0	0	0
1278	0	0	0
1279	0	0	0
1294	0	0	0
1310	0	0	0
1324	0	0	0
134	0	0	0
135	0	0	0
1351	0	0	0
1354	0	0	0
1374	0	0	0
1377	0	0	0
1386	0	0	0
1389	1.11290322580645	69	5
1400	0	0	0
1406	0	0	0
1413	0	0	0
1416	0	0	0
1418	0	0	0
1419	3.92857142857143	880	28
1433	1.81250000000000	29	7
1439	0	0	0
1440	0	0	0
1448	0	0	0
1460	0	0	0
1481	10.4200278164117	7492	608
1483	3.90314136125654	4473	100
15	6.51132686084142	2012	423
1501	0	0	0
1507	0	0	0
1540	0	0	0
1552	0	0	0
1553	0	0	0
1579	1.43243243243243	106	8
1580	1.05263157894737	20	2
1585	1.60893854748603	288	51
1586	4.19329491880566	8005	51
1604	0	0	0
1606	0	0	0
161	3.86642599277978	1071	48
1616	0	0	0
162	1.46000000000000	73	6
1625	0	0	0
1642	0	0	0
1660	23.0657084188912	11233	299
1661	3.86943907156673	8002	97
1662	3.70976491862568	8206	34
1663	1.14000000000000	57	3
1668	9.59957627118644	4531	163
167	1.55769230769231	729	11
168	5.47418967587035	9120	85
1702	0	0	0
1705	0	0	0
1715	0	0	0
1724	0	0	0
1752	2.33864915572233	2493	161
1758	0	0	0
1771	0	0	0
1784	0	0	0
1791	0	0	0
1796	0	0	0
1813	0	0	0
1838	4.49772727272727	1979	40
1841	1.29545454545455	171	5
186	0	0	0
1861	0	0	0
188	1.29078014184397	182	4
1893	0	0	0
1899	0	0	0
1904	0	0	0
1906	0	0	0
1931	0	0	0
1932	0	0	0
1947	1	2	1
1955	0	0	0
1966	0	0	0
1972	0	0	0
1977	0	0	0
198	1	4	1
1983	0	0	0
1984	0	0	0
1987	0	0	0
1988	0	0	0
1990	0	0	0
1992	0	0	0
1995	0	0	0
1997	0	0	0
2007	3.91537132987910	2267	43
2028	0	0	0
2031	0	0	0
2035	0	0	0
2038	0	0	0
2048	0	0	0
2057	0	0	0
2062	0	0	0
2063	0	0	0
207	0	0	0
2085	0	0	0
2098	1	6	1
21	0	0	0
2105	36.1883561643836	10567	385
2108	1	15	1
2111	0	0	0
2158	1.33333333333333	4	2
2161	12.4764705882353	8484	286
2162	16.2333333333333	8766	927
2178	0	0	0
2195	0	0	0
2196	0	0	0
22	0	0	0
2200	0	0	0
2206	0	0	0
2212	0	0	0
2218	0	0	0
2231	0	0	0
224	0	0	0
2250	4.08603238866397	4037	45
2259	0	0	0
2261	0	0	0
2290	0	0	0
2325	0	0	0
2330	3.10803757828810	5955	42
2331	6.92670598146588	8222	250
2336	0	0	0
2361	0	0	0
2376	0	0	0
2388	0	0	0
2394	0	0	0
2402	2.28571428571429	16	9
2403	2.22727272727273	49	14
2416	0	0	0
242	67.1904761904762	11288	664
2425	0	0	0
243	4.77920000000000	8961	48
244	3.64244741873805	7620	52
245	1	18	1
2456	0	0	0
2459	0	0	0
2463	0	0	0
2464	3.02304147465438	656	31
2469	1	1	1
2472	4.88058489033306	6008	105
2473	5.72159090909091	6042	80
2474	7.82107175295186	8611	124
2475	16.2840531561462	9803	202
2478	1.17073170731707	48	4
250	16.1102362204724	8184	258
2504	0	0	0
2521	0	0	0
2585	0	0	0
2591	0	0	0
2595	0	0	0
2608	0	0	0
2615	0	0	0
2619	0	0	0
2629	0	0	0
2641	0	0	0
2642	0	0	0
2651	0	0	0
2664	0	0	0
2667	0	0	0
2678	0	0	0
2692	0	0	0
2696	0	0	0
2697	0	0	0
2712	0	0	0
2728	0	0	0
2742	0	0	0
2769	0	0	0
2772	0	0	0
2792	0	0	0
2795	0	0	0
2804	0	0	0
2807	1.09259259259259	59	2
2818	0	0	0
2824	0	0	0
2831	0	0	0
2834	0	0	0
2836	0	0	0
2837	3.92000000000000	490	35
284	0	0	0
2851	2.30636833046472	1340	28
2857	0	0	0
2858	0	0	0
2866	0	0	0
287	0	0	0
2878	0	0	0
2899	16.4941860465116	8511	339
2901	3.61986511342735	5904	44
2919	0	0	0
2925	0	0	0
2958	0	0	0
297	0	0	0
2970	0	0	0
2971	0	0	0
2997	1.28957528957529	334	6
2998	1.39024390243902	57	7
30	0	0	0
3003	1.46275395033860	1296	10
3004	6.30333333333333	9455	121
3022	0	0	0
3024	1.08000000000000	54	3
3034	1	7	1
3043	0	0	0
306	0	0	0
3060	0	0	0
3078	8.55461473327688	10103	297
3079	6.44059040590406	8727	340
3080	11.8617977528090	10557	522
3081	1.48000000000000	111	6
3086	9.99647887323944	8517	938
3120	0	0	0
3123	0	0	0
3133	0	0	0
3142	0	0	0
3170	1.91363636363636	1263	48
3176	0	0	0
3189	0	0	0
3202	0	0	0
3209	0	0	0
3214	0	0	0
3231	0	0	0
3256	3.91885441527446	1642	56
3259	2.50000000000000	380	20
3279	0	0	0
3311	0	0	0
3317	0	0	0
3322	0	0	0
3324	0	0	0
334	2.05845323741007	2289	41
3349	0	0	0
3350	0	0	0
3365	1.21739130434783	84	2
3373	0	0	0
3384	0	0	0
3390	0	0	0
3395	0	0	0
340	0	0	0
3401	0	0	0
3402	0	0	0
3405	0	0	0
3406	0	0	0
3408	0	0	0
3410	0	0	0
3413	0	0	0
3415	0	0	0
3425	3.58909090909091	987	38
3446	2.85294117647059	291	24
3449	1.83333333333333	11	5
3453	1	4	1
3456	0	0	0
3466	0	0	0
3475	0	0	0
3480	0	0	0
3481	0	0	0
3503	0	0	0
3516	0	0	0
3523	4.35207823960880	1780	41
3526	1	6	1
3529	0	0	0
353	4.50000000000000	9	6
3576	0	0	0
3579	4.80805538074261	7640	134
3580	6.75508228460794	6978	610
3596	0	0	0
3613	0	0	0
3614	0	0	0
3618	0	0	0
3624	0	0	0
3630	0	0	0
3636	0	0	0
3649	0	0	0
366	0	0	0
3668	2.77201257861635	1763	18
3677	0	0	0
3679	0	0	0
3708	0	0	0
373	0	0	0
3743	0	0	0
3748	1.82203389830508	1505	25
3749	2.98575244879786	3353	102
3754	0	0	0
3779	0	0	0
378	0	0	0
3794	0	0	0
3806	0	0	0
3812	1	1	1
3820	8.60980207351555	9135	90
3821	6.85912240184758	8910	54
3834	0	0	0
3843	0	0	0
3874	0	0	0
3877	0	0	0
3881	0	0	0
3882	1.72310969116081	1618	9
3887	0	0	0
3890	5.33597692862293	7401	155
3891	3.18308766485648	4103	70
3892	5.63739188290087	8473	111
3893	10.9677083333333	10529	168
3896	1	5	1
3922	0	0	0
3939	0	0	0
395	0	0	0
4003	0	0	0
4009	0	0	0
4013	0	0	0
4026	0	0	0
4033	0	0	0
4037	0	0	0
4047	0	0	0
4059	0	0	0
4060	0	0	0
4069	0	0	0
4082	0	0	0
4085	0	0	0
4096	0	0	0
4110	0	0	0
4114	0	0	0
4115	0	0	0
4130	0	0	0
4146	0	0	0
4160	0	0	0
4187	0	0	0
4190	0	0	0
42	0	0	0
420	4.19780219780220	2292	50
4210	0	0	0
4213	0	0	0
4222	0	0	0
4225	1	3	1
423	1.50526315789474	143	8
4236	0	0	0
4242	0	0	0
4249	0	0	0
4252	0	0	0
4254	0	0	0
443	0	0	0
475	0	0	0
481	0	0	0
486	0	0	0
488	0	0	0
513	0	0	0
514	0	0	0
529	1.26415094339623	67	5
537	0	0	0
548	0	0	0
554	0	0	0
559	0	0	0
565	0	0	0
566	0	0	0
569	0	0	0
570	0	0	0
572	0	0	0
574	0	0	0
577	0	0	0
579	0	0	0
589	6.43750000000000	5047	86
610	0	0	0
613	0	0	0
617	0	0	0
620	0	0	0
63	7.47579908675799	8186	320
630	0	0	0
639	1	1	1
644	0	0	0
645	0	0	0
65	2.36056158264199	3699	35
667	0	0	0
680	0	0	0
687	9.80582524271845	1010	180
690	1.16666666666667	7	2
693	0	0	0
740	2	248	14
743	4.38560989319843	7802	79
744	12.5931307793923	9533	153
760	0	0	0
777	0	0	0
778	0	0	0
782	0	0	0
788	0	0	0
794	0	0	0
800	0	0	0
813	1	2	1
83	0	0	0
832	1.73000000000000	1038	12
841	14.2323651452282	3430	281
843	1.29452054794521	567	9
872	0	0	0
89	0	0	0
907	0	0	0
912	2.00098231827112	2037	21
913	5.42427093132644	5766	344
918	0	0	0
943	0	0	0
958	0	0	0
970	0	0	0
976	0	0	0
984	6.95833333333333	835	57
985	5.80588235294118	987	32
998	0	0	0
