2
5
4
2
3
1
2
3
6
2
4
2
5
1
2
1
4
1
6
2
1
1
13
2
3
1
5
5
2
1
3
7
143
1
3
34
11
5
51
1
53
4
3
5
9
1
5
3
4
2
5
11
16
75
5
67
82
1
1
1
29
1
3
11
1
3
11
1
7
1
1
3
3
4
1
5
1
19
5
1
1
3
5
1
1
1
1
6
1
6
4
6
3
6
1
1
1
2
5
1
1
2
1
3
1
3
1
5
1
3
5
2
5
2
1
1
1
1
1
85
1
1
3
1
8
30
21
11
8
1
3
1
1
1
1
9
7
2
1
11
9
1
1
6
2
6
5
2
1
10
112
34
47
73
15
24
108
90
70
60
47
27
17
136
160
3
9
30
7
58
18
6
84
168
121
7
1
12
9
2
10
2
5
2
5
3
8
27
21
2
3
1
1
1
4
2
1
11
2
3
4
10
5
35
10
5
66
2
5
9
70
27
4
48
1
1
1
3
1
5
1
6
8
3
2
8
26
3
2
24
1
1
9
4
1
1
1
2
3
4
2
3
2
1
3
2
2
1
7
8
7
6
2
9
4
28
3
22
3
37
5
4
36
19
1
2
6
32
19
2
24
3
1
1
1
3
2
26
30
50
1
6
70
2
13
3
2
37
1
8
13
1
4
1
3
1
1
14
17
24
16
6
5
8
4
8
3
2
1
45
7
1
43
2
5
2
16
1
1
1
2
3
1
9
48
4
23
9
27
2
6
9
4
5
16
10
1
15
1
17
3
1
1
1
1
1
2
41
18
1
1
2
7
20
2
1
1
3
2
1
1
7
2
1
7
7
11
1
4
1
1
2
1
70
1
9
13
21
10
5
2
2
27
88
21
45
42
1
38
8
40
3
32
4
7
1
10
5
9
9
32
78
30
5
11
19
30
1
5
1
2
3
37
10
1
102
13
12
10
28
2
6
6
31
5
4
2
4
4
1
5
8
5
1
4
1
1
1
2
1
3
3
4
13
8
3
18
1
13
2
16
1
1
2
41
2
2
80
6
14
64
1
1
5
1
9
21
38
29
65
4
4
15
5
3
6
1
1
19
10
2
12
3
17
2
4
1
2
1
4
8
4
7
3
7
1
16
2
2
3
4
6
4
11
2
1
2
4
1
2
5
12
1
1
2
8
3
4
1
13
3
19
2
1
1
5
8
2
2
3
3
2
3
3
11
4
3
1
1
3
2
1
3
1
5
1
3
4
14
7
5
33
1
1
8
2
2
1
6
18
7
20
6
53
5
20
50
23
6
29
3
1
4
1
3
2
6
1
4
3
1
5
2
2
7
2
7
2
1
3
11
5
1
1
1
20
14
6
1
31
20
36
1
2
7
17
6
8
1
1
11
1
12
33
11
10
2
2
5
1
12
20
20
8
3
6
8
91
1
4
4
7
5
3
53
10
17
3
11
26
14
4
60
3
83
10
5
2
25
1
28
8
39
25
1
7
4
6
5
41
3
7
4
1
1
1
7
1
31
35
30
49
10
13
3
8
6
7
3
7
13
7
2
2
12
8
65
16
1
20
23
10
8
4
2
4
3
2
3
11
3
7
1
1
1
34
11
3
3
5
13
11
2
48
9
19
5
5
18
10
1
7
13
7
9
14
20
4
1
2
3
3
4
2
16
16
6
4
2
1
3
4
5
8
13
15
2
10
3
2
4
3
10
5
4
3
7
42
3
10
4
3
4
3
5
9
1
9
7
20
2
13
17
5
11
14
2
5
13
14
24
7
1
49
1
11
8
11
3
4
14
6
5
3
1
3
1
5
30
1
8
9
4
15
8
16
13
6
33
3
4
4
2
20
30
11
13
3
11
15
16
10
9
30
7
23
42
1
55
13
40
11
28
6
1
10
33
12
5
15
3
5
5
8
14
1
1
10
6
9
2
9
15
9
25
2
1
2
4
1
1
1
2
6
3
1
3
2
5
1
2
2
10
16
8
3
1
1
2
22
13
1
5
7
14
7
6
1
8
2
4
4
15
1
2
4
12
11
6
7
3
24
1
17
4
7
9
16
6
2
3
10
2
21
1
1
1
4
15
6
1
1
2
1
2
3
5
1
15
1
2
3
2
3
1
14
6
23
3
5
8
2
3
3
2
2
2
2
18
2
20
4
1
115
26
8
51
80
43
3
