1
3
2
27
1
1
2
2
9
5
6
1
1
1
1
10
1
2
1
1
1
1
18
6
5
6
12
1
1
1
40
8
13
5
1
1
1
5
2
18
17
20
3
1
1
4
5
1
3
5
1
3
11
27
2
1
1
5
1
1
1
3
1
1
1
2
4
1
2
10
5
5
10
3
3
2
2
3
1
3
1
32
3
8
2
12
9
1
2
1
1
1
3
1
6
3
1
1
1
11
5
3
1
28
6
3
1
9
3
9
1
4
17
10
6
1
13
2
12
2
2
7
1
3
1
2
1
2
7
1
1
1
4
5
1
2
1
1
3
1
1
6
14
6
2
1
2
1
2
2
3
8
22
3
1
2
10
2
2
2
11
13
1
1
2
3
4
2
12
21
2
2
1
16
11
7
1
25
5
13
1
5
2
1
12
2
1
1
5
4
4
1
4
8
5
2
1
3
3
7
16
1
3
1
2
4
3
3
3
5
4
1
2
9
1
1
3
2
1
3
2
7
11
1
2
5
8
7
4
6
8
3
1
1
1
2
1
1
2
1
2
2
2
1
2
6
1
4
16
7
9
2
2
6
3
1
1
3
6
8
5
1
18
27
5
4
3
9
1
1
1
1
1
11
2
3
2
3
1
1
1
1
2
13
1
1
2
2
3
12
3
2
1
1
2
2
1
7
1
1
7
4
1
3
4
1
1
7
2
3
2
1
7
5
3
4
4
3
26
2
2
9
22
25
16
2
2
2
2
7
7
1
3
1
1
1
1
2
8
11
4
1
3
1
4
7
3
1
8
1
1
3
1
6
1
5
1
1
5
2
15
6
1
2
3
5
1
3
7
10
1
7
5
8
4
1
1
1
1
4
2
11
1
4
1
1
6
1
1
1
1
1
6
6
1
2
9
1
5
2
8
5
3
2
1
1
1
5
3
2
4
9
6
1
2
3
3
1
5
9
1
7
1
15
9
2
7
7
6
3
2
1
2
4
2
7
2
11
3
5
