1
1
2
3
1
1
1
2
1
1
1
1
2
1
1
1
1
1
2
1
2
3
1
1
1
5
4
1
2
5
3
3
5
1
7
3
3
1
2
5
1
1
3
3
6
3
1
1
2
2
1
2
1
3
2
5
2
2
9
2
3
2
3
4
1
7
9
1
4
2
1
1
5
4
2
3
9
3
1
9
5
2
2
1
1
3
1
2
2
1
1
8
2
8
3
3
1
1
3
7
2
1
2
1
7
2
1
4
5
1
5
2
3
6
3
2
2
7
5
15
6
3
5
8
9
5
5
6
1
6
1
1
8
1
3
4
2
1
1
2
1
1
1
2
5
4
1
1
1
4
1
1
4
1
1
1
3
1
1
1
4
1
2
1
1
1
1
1
1
2
4
7
3
4
2
1
1
5
4
2
3
2
8
6
3
2
2
8
7
2
15
12
8
8
1
1
2
1
6
2
3
6
1
1
1
1
2
3
13
3
6
1
1
5
1
2
3
4
3
11
1
3
1
10
2
3
1
4
2
3
1
1
3
2
7
1
17
1
4
1
4
9
5
2
4
3
10
2
2
1
1
3
1
1
1
1
1
6
1
1
2
2
4
1
1
2
1
2
1
2
1
4
1
2
1
2
4
1
1
2
1
1
2
5
1
1
1
2
1
1
1
1
3
1
1
1
1
4
8
1
5
1
1
2
1
2
3
1
1
1
3
2
2
10
2
2
1
4
4
4
1
3
5
3
2
7
4
2
5
1
2
5
1
1
16
2
6
4
1
2
1
15
5
8
1
1
12
1
2
5
1
1
1
4
5
25
4
3
1
1
17
4
25
6
5
7
8
1
2
6
2
3
4
2
3
6
2
6
5
6
6
1
2
4
1
3
1
1
1
4
1
1
5
1
4
1
1
1
1
4
1
1
1
1
2
1
1
2
5
2
1
11
7
6
1
1
9
6
1
2
8
10
2
6
11
1
5
2
8
8
4
2
1
1
1
6
7
1
2
16
3
4
1
14
2
2
3
1
4
1
15
2
11
1
16
3
1
1
7
7
1
1
4
3
3
1
4
1
6
16
3
13
4
3
7
25
18
10
1
9
7
4
6
6
1
1
2
4
1
5
5
7
2
7
1
3
1
1
12
7
2
1
3
10
2
6
1
1
5
4
1
2
1
5
4
2
8
6
1
5
7
4
2
2
2
2
1
1
1
1
2
3
5
1
5
1
5
1
2
1
1
9
5
1
1
9
3
10
3
3
1
4
1
1
10
4
21
1
1
3
3
1
1
1
4
3
2
2
2
6
8
1
5
8
6
10
2
3
1
16
8
9
4
3
7
1
2
1
1
4
5
9
1
3
3
13
5
1
2
1
1
1
1
3
5
3
3
9
1
2
2
10
3
11
2
23
2
2
7
2
2
4
2
2
6
11
10
2
40
4
9
8
4
12
2
1
1
5
1
13
12
1
5
4
1
2
4
3
3
37
3
6
2
1
1
8
2
16
8
8
16
2
15
1
15
1
13
3
6
2
1
2
6
1
16
3
7
1
2
5
5
4
6
1
1
33
7
14
1
9
3
12
3
4
1
3
8
2
7
1
7
10
1
13
2
8
3
1
1
9
9
1
5
2
1
1
2
1
6
3
20
1
3
9
1
8
9
3
2
2
7
4
3
2
1
7
5
2
2
13
5
7
1
2
3
2
4
9
2
3
1
3
1
1
2
5
5
4
1
2
1
1
3
3
6
1
13
21
22
2
21
9
4
3
1
1
2
1
2
31
3
2
4
8
2
1
13
5
4
4
32
1
2
1
11
13
4
3
1
3
14
5
6
18
1
4
2
5
2
2
3
2
3
1
1
5
5
4
5
1
2
3
1
1
1
3
1
3
2
1
2
5
10
2
9
20
29
1
1
1
6
4
12
1
1
1
6
3
2
3
1
2
1
1
6
1
1
2
2
1
1
1
10
2
1
1
14
11
2
3
13
2
25
19
4
1
3
2
7
2
5
1
10
6
4
3
6
45
3
5
8
5
1
2
2
3
4
1
1
3
7
6
6
1
1
1
2
3
1
6
2
11
13
1
4
4
2
2
1
4
10
6
2
6
1
2
14
5
2
2
1
2
2
2
4
1
6
18
1
2
15
3
9
1
2
1
1
1
1
4
2
2
2
1
8
1
2
1
3
2
1
5
6
6
11
11
2
2
1
1
2
2
5
1
1
1
3
1
2
8
1
1
1
1
1
2
1
1
