1
1
1
1
1
1
2
1
2
1
2
1
1
1
1
1
1
2
23
60
14
58
1
1
1
1
6
16
22
12
17
83
19
21
1
4
1
11
13
10
39
39
123
2
2
17
8
68
7
74
34
1
4
6
3
1
37
7
4
7
3
4
1
23
8
7
9
2
5
11
2
2
2
7
3
1
3
1
2
3
20
6
14
42
1
2
1
1
1
2
2
1
1
2
2
1
1
1
3
1
2
1
7
1
9
21
2
8
1
8
1
46
5
12
11
1
6
1
1
1
1
17
3
22
17
2
3
10
3
11
5
12
5
40
8
1
8
1
1
8
4
3
8
2
1
7
16
14
3
6
8
15
22
26
20
2
2
6
1
1
1
16
1
3
2
4
1
1
2
4
4
1
2
13
1
8
38
13
2
19
1
8
3
8
50
138
18
101
200
11
1
10
42
159
22
19
130
13
17
6
198
1
49
46
1
29
3
3
15
9
56
24
3
9
112
69
40
6
121
79
4
32
2
1
7
5
10
25
3
13
2
6
2
2
28
4
4
27
46
87
18
1
48
6
2
9
8
12
21
6
8
2
5
8
1
6
59
68
2
11
9
1
47
2
55
3
3
6
25
32
12
40
40
100
125
20
6
1
2
3
1
2
1
1
2
1
1
2
1
3
8
3
2
13
4
25
3
1
3
3
1
5
4
19
6
1
2
1
6
9
3
1
5
19
4
23
5
28
1
2
1
6
2
10
5
1
1
3
8
2
4
1
8
3
1
71
47
40
2
1
8
97
106
1
2
3
4
3
12
17
1
4
1
2
7
3
1
10
2
2
2
9
1
5
2
9
10
4
3
4
26
9
2
1
3
2
9
6
4
4
1
26
2
2
1
1
1
1
4
1
5
1
1
4
1
2
1
1
19
40
4
5
1
1
1
3
10
6
3
1
12
5
4
3
1
1
4
1
2
1
1
1
1
2
3
1
1
1
3
9
2
6
2
2
2
2
3
1
1
1
3
1
2
1
1
1
2
1
2
9
1
1
6
3
5
3
6
10
36
2
6
60
1
9
1
7
1
3
3
4
1
7
39
2
122
50
2
4
12
2
7
3
3
2
6
2
1
2
17
1
49
17
8
1
1
35
3
2
11
29
28
14
3
16
3
2
1
2
1
38
65
3
3
1
4
15
3
3
6
44
9
4
1
1
1
4
7
4
1
6
2
1
1
2
1
1
1
1
5
1
3
7
2
1
1
1
1
3
1
1
2
1
2
1
1
3
1
2
1
1
1
2
2
1
2
2
14
3
1
7
3
4
107
2
1
47
2
1
3
57
2
2
1
1
2
4
1
3
3
2
1
6
3
1
1
1
7
3
5
2
1
3
1
28
37
2
1
5
1
4
7
3
4
1
6
21
2
1
5
10
7
17
5
2
1
3
2
1
1
14
1
7
2
2
4
4
2
1
1
1
3
15
2
1
1
3
5
1
2
78
11
49
15
4
1
10
3
18
1
3
3
1
2
20
1
2
1
1
4
1
3
2
1
3
1
2
6
7
1
1
1
3
15
22
6
1
20
8
2
12
6
2
1
2
2
1
5
74
39
44
25
16
49
5
2
2
9
1
12
2
2
2
4
2
3
1
2
8
1
7
4
1
1
6
1
1
1
1
2
1
12
46
77
6
3
2
2
1
9
35
11
1
2
3
2
4
24
1
2
1
2
3
9
1
1
1
2
1
1
2
1
8
1
1
1
26
1
1
1
3
2
1
1
5
3
51
4
26
38
30
3
36
22
6
1
3
1
1
3
2
50
43
2
4
6
2
1
4
3
5
6
3
10
1
11
1
38
56
10
43
55
16
5
1
1
1
5
1
1
1
1
1
26
5
39
20
28
59
3
3
1
1
1
1
2
2
1
1
1
2
1
1
1
1
4
1
103
22
154
40
44
