2
1
2
1
1
12
9
1
2
3
38
9
1
3
1
8
15
2
1
1
6
17
1
1
1
1
6
6
4
1
1
1
2
2
3
2
1
7
1
2
7
5
3
9
5
1
1
1
1
4
7
1
1
6
1
1
2
2
27
1
2
1
1
1
1
12
4
1
4
5
14
11
6
1
1
1
1
9
2
4
1
1
19
5
3
1
1
5
1
2
1
2
12
3
1
1
1
2
3
1
1
2
1
2
2
2
1
8
22
3
1
1
1
19
10
7
5
8
3
5
9
8
14
2
2
3
1
1
1
7
1
2
6
1
1
4
7
1
2
2
1
1
3
1
1
5
1
1
4
4
3
4
1
2
3
1
2
5
1
2
1
6
3
1
4
5
1
1
1
1
4
3
1
2
1
1
2
1
1
1
1
8
4
1
2
2
5
3
2
1
2
14
1
1
1
1
16
1
1
6
2
9
1
9
16
3
1
3
1
1
1
2
5
4
2
9
10
2
3
1
5
1
1
5
2
2
1
4
1
8
4
1
2
1
2
2
1
1
4
2
9
1
2
6
3
1
1
1
2
1
1
2
8
2
1
5
7
6
5
7
2
2
1
2
1
1
10
1
1
1
1
1
2
1
2
