2
7
9
23
3
7
2
29
1
1
8
23
1
4
1
9
27
5
11
4
3
1
2
1
1
2
1
1
1
6
6
13
1
3
7
9
1
1
3
11
3
1
9
5
3
4
3
1
1
1
2
1
1
1
1
1
2
1
1
1
1
2
1
1
2
1
1
3
1
1
3
2
1
1
2
2
1
6
6
2
3
1
7
6
1
1
12
3
13
2
4
1
1
1
1
1
8
70
1
46
1
2
2
18
1
9
5
1
1
14
1
5
2
2
14
2
4
3
2
1
3
1
1
3
3
3
2
8
1
6
8
1
1
2
7
7
4
7
5
5
1
2
4
1
3
1
18
12
7
8
33
9
4
2
24
39
12
1
22
1
16
1
2
4
7
31
3
1
24
8
9
12
5
1
2
1
1
1
5
1
1
1
2
4
1
1
1
1
1
1
10
4
105
37
1
4
7
3
3
3
9
1
19
5
2
4
3
2
9
2
1
4
2
2
2
1
1
1
1
1
2
1
3
1
3
5
12
12
4
1
8
1
1
1
1
1
1
1
1
2
4
1
1
3
1
1
3
1
1
2
2
1
1
1
3
2
1
2
1
1
3
13
27
8
8
8
7
4
3
4
20
5
2
4
3
4
11
5
6
1
7
1
4
35
13
3
8
2
14
1
2
27
14
3
2
2
9
2
4
1
1
2
2
9
3
1
1
12
6
6
20
2
6
3
13
3
1
2
1
1
2
2
10
1
1
6
1
1
1
1
1
1
1
1
1
1
1
1
1
1
1
1
2
11
14
7
10
7
4
14
2
4
7
1
2
1
1
1
1
2
1
2
2
3
2
1
3
9
9
5
3
4
6
2
2
11
2
1
2
4
3
6
2
2
19
1
2
2
3
3
1
1
1
1
1
1
6
1
2
1
1
1
2
1
4
1
1
1
8
8
11
6
6
16
5
8
15
9
1
2
5
2
10
1
1
2
8
2
10
8
16
6
4
7
5
1
2
5
10
1
5
1
7
2
3
9
14
4
1
5
2
8
15
2
6
1
2
13
6
2
13
5
6
1
5
12
3
3
6
3
3
1
1
2
1
1
2
1
3
2
1
1
1
3
1
1
3
1
1
1
2
1
1
1
1
1
5
6
14
29
4
4
1
1
1
1
5
1
11
19
21
39
38
1
3
3
2
3
1
3
3
1
1
2
6
5
1
2
2
33
1
2
3
5
1
1
2
1
2
1
1
1
1
1
1
1
1
3
6
1
1
1
5
10
3
7
15
1
1
1
1
5
1
1
1
1
1
1
6
4
4
8
18
14
29
20
4
1
11
1
1
1
4
1
3
1
1
2
2
1
1
3
1
1
3
1
3
1
2
13
1
8
11
2
7
1
1
3
2
1
1
1
1
1
4
1
6
3
1
1
1
1
1
2
1
37
1
1
3
1
1
1
1
1
2
1
1
1
1
1
3
4
1
4
1
1
1
5
1
2
1
13
2
1
6
1
2
3
9
1
1
2
1
1
12
1
20
7
2
2
1
1
1
1
2
2
1
1
1
3
1
1
1
1
3
2
1
5
2
5
2
3
61
4
4
11
7
4
8
1
1
1
10
4
1
2
3
4
2
1
4
8
3
29
17
2
2
1
51
5
3
11
20
27
9
1
10
5
5
3
1
3
3
10
2
4
1
1
1
1
4
76
1
1
1
1
1
1
2
18
23
1
2
6
1
1
1
1
4
1
2
3
6
2
2
1
2
1
9
1
6
1
1
1
1
1
2
1
1
1
1
1
1
1
1
4
4
2
7
1
1
4
1
6
1
1
1
1
1
4
5
1
1
1
1
2
1
4
1
5
2
2
1
4
4
2
1
1
4
1
6
1
1
11
1
26
3
3
1
5
1
1
1
7
1
5
1
1
1
1
1
1
2
1
1
2
3
2
4
8
4
9
3
1
1
1
1
13
1
2
1
1
1
14
3
2
1
1
7
1
3
3
1
4
7
19
11
6
1
1
3
8
6
5
3
8
1
2
1
1
1
2
7
3
5
4
3
7
1
1
10
1
5
2
3
16
12
21
1
5
12
4
8
1
18
1
5
16
36
1
3
2
2
1
4
2
1
5
5
2
2
3
1
1
10
16
3
33
13
1
2
2
2
1
1
2
2
1
2
7
2
1
2
5
2
6
1
10
1
3
3
2
3
9
17
4
13
3
8
8
2
2
8
5
1
18
1
11
21
3
1
3
9
4
2
1
1
1
1
1
1
3
1
14
1
6
13
1
1
1
5
14
12
18
1
1
15
4
5
12
3
1
4
5
1
7
5
3
2
1
4
4
9
20
5
5
7
1
39
23
15
13
4
34
14
1
6
2
8
8
1
1
2
4
1
1
1
1
12
5
3
1
16
10
1
27
6
2
1
4
1
1
2
1
2
2
2
2
1
1
3
2
9
4
8
1
3
15
47
4
2
1
2
1
1
1
1
4
7
1
1
2
2
14
4
4
1
4
1
1
1
1
4
1
1
4
4
3
3
1
1
4
1
9
48
39
3
2
7
8
4
2
1
5
2
1
9
3
12
1
2
5
3
5
6
3
41
7
1
1
28
2
1
1
1
1
3
2
1
3
1
1
2
18
2
5
1
2
1
2
1
3
1
3
2
6
1
9
4
2
2
3
5
21
16
2
1
2
2
3
1
4
1
5
1
1
21
13
5
2
2
2
2
2
2
7
1
1
4
1
16
8
3
1
8
1
4
2
9
7
2
1
7
1
1
5
1
4
3
1
4
3
5
1
1
1
1
6
1
16
16
