1
1
4
2
7
3
1
12
3
9
2
1
3
2
10
3
1
1
17
23
10
1
22
15
7
2
4
4
1
3
1
4
12
2
4
21
10
11
10
22
2
15
15
4
37
2
4
4
1
10
3
1
2
25
1
20
10
16
2
3
10
6
5
2
2
7
1
1
3
1
3
2
1
2
5
1
4
3
1
4
1
4
2
4
1
2
4
2
10
10
5
1
1
1
16
9
6
2
5
5
9
5
2
1
1
3
8
4
2
1
13
3
6
2
3
3
1
2
8
2
5
3
1
5
1
24
1
8
2
3
2
2
7
21
18
6
1
6
2
2
6
1
10
2
11
16
3
32
23
3
1
4
4
10
1
11
5
21
2
11
13
8
3
4
2
2
35
4
3
1
4
2
4
1
1
1
8
2
4
3
3
2
3
1
8
6
11
9
1
5
20
4
7
2
13
3
12
8
38
3
2
3
4
2
11
9
2
75
1
11
2
7
7
3
4
4
8
41
3
1
3
4
3
6
7
7
3
36
6
4
8
2
2
11
5
4
15
3
8
1
1
21
13
1
5
4
9
1
5
6
6
4
3
1
2
1
1
6
2
1
3
3
9
8
5
9
2
5
1
2
6
13
6
12
11
6
13
7
1
1
1
32
13
10
1
13
3
6
2
1
4
1
4
2
10
31
14
11
1
3
2
2
1
1
19
2
22
2
20
2
5
3
7
6
29
14
8
19
1
7
23
3
1
7
26
4
5
7
7
1
4
7
1
12
15
2
1
2
1
3
6
1
2
4
2
1
5
1
4
15
1
1
3
3
1
3
1
9
35
4
5
1
4
7
22
12
11
10
10
7
8
17
4
14
1
2
17
16
1
28
3
6
1
3
2
3
6
16
2
1
6
25
5
15
1
1
14
27
16
6
4
2
7
2
15
3
5
6
1
1
1
5
11
3
2
3
2
6
1
1
4
8
4
15
5
8
68
19
1
8
21
25
4
2
5
6
16
37
4
6
1
75
2
3
12
2
5
7
1
1
5
6
9
1
14
22
2
1
4
3
7
9
26
9
6
1
3
7
35
15
1
29
3
10
11
2
3
7
5
2
10
6
1
2
3
2
3
12
6
6
2
2
1
1
2
4
2
1
4
7
1
13
6
2
4
12
14
3
19
3
3
1
1
5
12
10
20
14
3
14
4
26
2
4
19
2
4
12
14
13
13
1
6
5
1
1
8
2
1
6
3
2
2
4
2
2
6
1
2
1
1
4
2
6
1
4
9
2
1
7
8
2
56
10
1
11
7
2
19
3
14
2
33
8
3
10
16
38
1
31
9
3
3
11
1
16
1
19
1
9
21
11
2
5
36
1
5
1
1
1
2
6
4
9
7
2
7
8
1
1
32
20
4
9
6
2
13
9
14
9
16
4
4
5
3
17
4
2
2
16
1
41
5
6
3
9
51
1
6
9
16
8
1
1
5
12
5
7
15
5
3
1
14
26
13
9
6
33
6
9
6
4
7
10
46
16
14
13
37
10
21
6
21
4
9
5
7
10
7
8
32
9
11
15
5
33
29
4
4
2
7
4
15
3
4
21
5
6
21
2
12
1
1
2
2
1
15
23
3
9
10
2
5
4
7
7
11
26
33
11
11
5
22
4
15
18
9
29
25
3
8
34
3
5
34
24
4
8
14
13
18
39
5
7
30
4
31
3
2
2
1
4
9
22
16
1
22
1
4
13
19
10
17
3
11
13
3
3
90
6
12
8
23
12
80
1
16
2
14
6
9
21
13
1
32
22
36
15
5
7
28
1
34
18
11
10
4
7
9
5
14
2
15
9
8
1
1
5
1
8
2
9
11
28
15
4
4
8
4
10
9
20
5
1
8
11
10
15
50
13
39
1
11
17
13
15
15
2
13
10
3
8
7
2
15
11
10
24
1
6
8
13
11
12
7
8
3
6
1
3
2
3
1
9
7
2
4
1
3
1
8
3
6
2
16
10
30
7
7
20
8
1
6
1
2
6
2
18
1
2
7
30
9
16
7
2
5
21
6
4
9
8
10
30
25
12
4
2
3
2
2
8
80
5
10
6
2
6
6
2
4
3
6
16
2
32
9
2
7
4
2
27
10
9
5
3
2
50
11
17
4
78
5
14
19
24
5
22
1
1
1
31
4
41
7
2
1
3
1
3
8
7
1
1
10
5
12
21
4
10
8
9
1
14
10
6
16
2
1
1
8
3
13
24
3
20
25
3
12
2
2
20
4
5
8
1
16
18
7
7
22
3
6
6
12
9
4
2
3
1
4
2
9
7
2
3
13
9
1
7
46
11
9
2
16
5
5
3
1
1
5
13
9
6
5
2
9
11
2
9
27
8
6
5
7
25
5
16
3
10
15
3
8
1
1
4
3
9
2
3
5
