2
5
1
1
1
1
2
7
10
3
3
5
2
2
12
7
1
6
1
1
34
3
1
1
5
2
1
8
14
4
12
15
51
6
20
1
4
2
4
3
21
3
1
4
16
13
17
13
23
32
3
3
33
41
11
22
3
23
3
11
1
1
4
4
4
1
4
36
2
15
1
6
12
1
15
1
6
1
6
10
1
5
5
2
1
1
4
3
5
74
1
1
16
5
8
14
1
2
6
15
1
9
4
1
2
3
2
4
1
1
2
11
1
2
2
1
1
1
1
3
3
6
7
9
4
20
3
8
9
1
10
6
1
7
2
5
8
1
5
3
6
13
6
1
5
4
7
16
1
1
8
5
6
25
4
2
9
3
14
5
4
11
11
14
3
1
9
3
4
3
60
2
1
23
11
1
1
1
1
1
8
1
1
1
1
1
2
1
1
1
1
1
1
1
1
2
10
15
1
9
1
1
1
1
4
1
1
2
1
3
13
7
1
2
63
9
1
4
16
2
7
2
4
1
1
1
1
1
1
1
1
5
25
80
26
3
8
7
6
23
3
10
2
13
8
1
9
1
2
4
2
6
8
2
1
3
2
1
4
4
12
1
48
7
8
6
1
2
3
4
39
3
2
10
30
1
7
10
6
23
3
1
1
6
1
2
2
1
5
4
5
1
3
8
4
3
1
1
1
5
1
1
1
1
1
1
20
5
1
4
5
3
1
2
2
1
19
15
1
1
1
1
6
7
20
8
3
2
15
1
2
1
4
1
7
1
21
1
2
6
9
1
2
1
1
1
1
17
1
10
1
4
29
4
5
21
1
1
18
1
1
33
1
6
2
8
1
10
8
1
17
6
10
2
12
13
1
12
4
3
2
5
1
4
4
10
2
3
8
1
7
34
17
1
7
3
1
1
6
1
6
1
7
1
30
1
1
3
1
12
1
1
2
7
2
5
1
1
10
4
15
12
18
1
1
5
36
1
4
25
21
12
21
6
1
5
3
1
15
1
1
1
1
4
6
1
4
3
2
3
4
20
7
3
9
2
1
18
1
1
2
1
2
2
1
4
3
1
1
1
1
3
1
8
4
8
10
3
1
1
5
2
9
17
5
16
3
3
1
15
5
1
3
2
6
2
6
20
14
2
1
1
4
1
4
3
3
15
2
8
12
1
5
1
1
1
1
4
6
3
2
11
6
1
1
1
1
1
1
1
38
6
1
2
4
2
1
2
1
7
9
2
1
5
1
1
13
1
4
22
5
1
1
1
1
1
1
1
1
1
1
1
1
16
2
14
24
3
1
6
5
20
1
1
5
1
1
1
2
5
1
3
16
7
5
11
10
28
1
1
4
7
1
1
1
1
1
1
1
1
7
11
1
2
31
15
7
1
2
2
19
1
13
15
4
1
1
4
4
2
1
10
15
5
3
2
6
4
3
1
1
1
1
2
7
12
1
5
1
72
11
4
4
3
6
1
3
9
14
3
11
3
5
1
2
7
3
1
1
3
11
12
2
1
1
2
1
2
7
6
1
3
14
12
1
1
4
6
3
2
1
8
7
24
2
26
1
6
2
1
4
1
3
4
1
3
2
5
4
1
1
2
2
8
8
1
1
2
1
6
1
1
1
3
1
3
1
1
1
5
7
4
18
24
11
2
17
18
7
13
18
9
1
1
5
12
1
13
1
6
1
2
2
1
3
4
2
1
1
4
7
1
7
6
4
4
4
3
1
9
27
1
3
2
1
1
2
6
10
6
1
3
2
3
33
6
29
10
8
11
4
3
1
14
10
2
1
1
14
9
2
4
1
5
1
2
2
3
1
1
3
4
1
3
6
2
2
38
11
2
1
1
1
2
1
1
1
4
2
1
19
2
3
8
73
1
1
10
2
1
2
1
2
2
2
10
2
1
1
25
24
6
6
21
12
20
2
3
3
35
1
2
4
1
9
2
2
3
3
1
15
2
1
1
1
15
12
1
13
16
4
1
10
1
1
1
3
2
7
3
7
4
9
1
1
1
1
2
12
1
5
1
3
2
2
1
1
1
7
1
4
12
1
1
1
1
1
7
6
8
5
3
14
8
9
1
6
1
1
1
2
2
1
2
2
5
2
3
1
1
2
1
2
4
6
5
8
6
6
9
5
3
1
1
1
1
1
1
4
2
1
1
2
1
1
3
1
2
1
1
4
1
1
3
1
4
1
36
1
2
2
21
7
9
4
9
3
2
5
1
3
4
3
3
1
7
1
2
7
2
3
9
31
6
6
7
2
17
1
7
2
1
1
1
15
1
1
1
1
1
2
1
2
1
2
1
6
1
3
1
7
1
3
3
3
3
2
3
1
1
1
7
10
1
12
2
1
1
1
3
1
2
1
3
2
1
1
1
1
2
4
3
5
1
1
2
