1
1
1
2
1
1
2
1
1
1
1
2
1
1
3
2
1
2
1
2
1
2
2
3
2
9
1
2
2
1
2
1
1
2
9
1
3
1
3
1
1
1
1
1
1
1
1
1
2
2
1
1
2
1
1
2
1
2
1
1
1
1
1
1
5
8
4
13
1
1
4
2
1
3
1
1
1
2
2
1
3
2
6
3
1
7
7
3
1
2
1
5
3
3
9
1
2
1
12
2
1
2
1
1
1
1
2
3
1
1
7
5
3
4
1
10
5
1
1
1
2
2
1
1
1
1
1
2
1
1
2
1
2
3
1
1
3
2
1
1
1
1
1
4
4
4
1
3
13
3
5
1
6
10
2
22
17
5
1
1
1
2
1
1
4
2
3
1
1
1
1
1
6
2
1
1
2
1
2
1
23
3
2
10
1
1
7
6
11
2
8
4
7
4
3
7
1
6
1
1
3
1
3
5
5
2
1
4
2
1
28
23
2
2
5
7
1
10
4
10
16
3
5
3
1
1
1
1
5
4
2
2
8
1
1
1
1
2
2
1
1
2
2
1
2
1
2
2
1
3
4
2
1
1
1
1
1
1
1
1
1
1
1
1
1
1
3
5
1
1
1
1
3
1
1
1
1
1
1
1
1
1
1
2
2
4
6
1
2
1
2
1
1
1
1
1
1
1
1
1
2
4
2
2
1
2
1
1
1
1
2
1
1
1
1
2
1
1
1
2
1
2
1
2
1
2
1
1
2
9
3
3
1
1
1
2
1
1
2
3
1
5
3
1
1
2
2
1
1
2
1
1
1
1
1
1
1
3
1
4
1
1
1
2
2
4
3
1
5
1
1
2
1
1
1
1
1
1
1
1
1
1
1
3
1
1
1
2
1
2
6
2
3
10
1
1
1
4
1
1
1
6
2
5
1
1
1
1
2
2
1
3
1
1
2
11
1
3
4
1
1
1
1
1
4
2
2
3
1
1
1
1
5
6
1
1
1
1
1
3
1
1
1
3
1
1
2
1
1
1
1
1
2
2
1
2
1
1
1
1
1
1
1
1
5
1
1
1
1
1
1
1
1
2
6
2
1
1
5
1
1
1
3
8
10
1
2
1
1
1
1
1
1
1
1
1
1
1
1
2
1
2
1
1
2
1
3
3
1
1
1
3
1
2
2
1
2
1
4
1
6
2
2
1
1
1
2
2
1
1
2
3
1
2
1
2
1
1
2
6
1
3
1
1
1
1
1
1
1
2
3
1
1
1
2
5
1
2
1
2
1
1
2
1
1
2
1
3
3
3
1
1
1
1
1
1
1
4
3
1
1
