2
1
1
1
1
1
1
3
1
1
1
1
1
4
1
1
1
1
2
1
1
1
1
1
1
1
2
6
2
1
2
1
2
1
1
1
1
2
1
2
1
2
3
2
1
2
1
1
1
1
1
2
1
1
1
1
1
1
1
1
1
1
1
1
1
1
1
1
2
1
1
1
3
1
1
1
1
1
1
1
1
1
1
2
1
1
2
1
2
3
1
1
1
2
1
1
1
2
2
4
1
1
3
3
1
1
2
1
2
2
1
1
2
4
1
2
1
1
1
1
1
4
1
7
10
1
1
1
1
3
1
2
4
2
106
113
109
191
26
57
12
1
2
1
4
3
3
2
6
2
3
1
2
2
1
2
1
3
4
2
1
3
1
8
3
3
1
1
3
1
2
1
1
1
1
1
7
1
1
2
1
3
2
4
1
1
1
56
2
2
1
1
1
1
1
3
3
47
3
2
7
8
5
1
4
15
2
8
3
2
3
1
21
1
2
2
2
2
5
15
12
3
1
3
2
1
3
19
3
1
2
6
1
1
1
1
2
4
1
1
1
2
2
1
3
7
2
1
6
1
8
18
2
9
3
1
2
1
1
2
2
4
3
32
3
1
1
41
11
6
5
1
9
17
8
2
12
7
3
5
26
1
1
2
4
2
1
5
5
3
3
1
1
1
1
1
2
1
1
1
2
3
1
9
1
1
2
1
1
2
7
9
1
1
3
5
1
4
4
4
4
1
1
1
4
1
4
3
17
2
1
2
2
8
21
14
2
1
3
3
4
7
57
28
2
2
12
3
3
3
3
2
3
1
2
5
1
1
3
3
2
16
2
1
42
6
1
4
1
1
5
1
1
1
3
3
1
5
49
6
1
2
6
3
2
3
12
1
2
1
2
14
6
2
2
3
2
1
1
11
16
1
2
11
7
7
1
7
3
9
2
2
1
4
9
1
4
1
1
4
5
2
9
1
2
1
2
33
1
1
2
6
9
1
1
3
4
3
8
15
7
1
7
1
2
1
12
8
5
2
1
1
6
2
16
11
1
2
6
4
4
11
2
3
1
1
1
1
1
3
1
1
1
1
2
1
1
1
1
1
1
1
2
7
4
2
1
2
1
2
1
20
4
1
1
2
1
4
1
2
20
15
1
8
1
13
12
1
1
2
12
2
4
3
1
1
1
3
8
5
1
2
3
2
2
1
2
1
1
1
1
2
1
2
15
2
1
1
1
1
1
2
1
1
1
1
1
2
2
3
1
2
1
1
1
1
1
1
1
1
1
15
1
35
7
3
11
9
3
2
7
1
8
2
60
1
7
2
10
22
8
26
12
1
4
2
2
4
2
1
2
2
2
1
7
1
1
1
4
1
1
1
1
1
1
1
1
2
1
1
1
2
2
1
3
1
28
1
3
5
1
1
2
2
1
5
4
3
3
1
1
11
2
7
1
3
1
2
1
1
1
2
2
2
1
2
2
3
9
1
2
1
2
2
1
2
1
1
2
27
2
18
3
7
2
3
4
6
2
2
7
1
1
1
1
10
11
5
6
1
3
6
36
6
1
1
5
2
2
2
1
7
1
1
1
7
16
1
5
33
24
3
1
1
12
7
2
2
10
2
1
1
1
4
10
1
16
1
9
2
4
1
1
1
7
1
1
1
1
1
1
1
1
1
1
2
2
5
2
1
44
5
1
30
1
19
16
2
51
1
3
3
1
1
1
1
1
8
7
5
11
3
3
11
4
3
5
13
34
19
1
7
10
9
1
7
2
5
20
4
5
2
4
7
5
33
22
26
45
7
9
78
36
4
52
10
2
6
25
20
10
113
11
8
7
9
11
67
60
16
28
3
32
3
18
9
16
14
11
5
3
11
12
2
24
3
6
3
12
3
22
31
5
5
12
2
44
31
44
19
1
10
1
37
2
11
3
5
1
46
29
5
1
7
34
4
35
14
1
19
2
55
14
4
1
2
3
15
31
9
28
20
30
25
6
1
1
68
3
7
9
2
1
2
27
14
65
1
12
5
11
4
1
9
1
11
1
1
1
88
66
9
3
51
18
7
8
10
33
41
23
1
10
4
29
61
2
1
18
4
37
8
2
6
3
19
7
6
24
42
15
1
12
20
1
8
22
1
20
42
26
15
7
5
4
16
1
2
1
2
4
3
3
4
1
1
1
2
1
3
1
3
8
4
4
1
4
1
1
1
2
2
1
1
2
2
1
1
2
5
10
1
4
1
10
1
2
1
3
6
3
1
4
1
5
1
12
1
3
4
3
1
1
1
1
3
2
4
5
3
4
2
2
2
1
1
1
3
5
3
5
4
3
1
11
4
4
5
1
1
2
1
1
1
2
7
3
5
4
9
12
10
22
16
7
7
2
6
2
5
3
1
22
2
3
4
1
3
3
2
2
1
2
10
2
1
1
1
1
2
1
3
1
5
6
3
3
1
1
1
1
3
2
18
1
3
29
1
9
3
3
2
1
3
1
2
3
4
1
7
2
4
1
1
3
3
1
1
1
1
1
1
2
1
2
1
3
1
1
2
2
1
1
1
3
2
1
1
3
2
1
2
5
1
2
2
1
6
340
61
3
3
1
208
129
4
1
1
2
1
1
2
7
6
2
1
2
2
5
9
1
1
1
2
1
3
2
1
2
1
4
1
12
7
5
4
16
3
1
5
7
1
8
1
3
15
1
2
9
5
1
2
1
5
1
1
1
4
4
1
2
1
1
5
2
1
3
3
1
1
2
3
1
2
3
1
3
1
1
1
4
14
8
10
4
2
1
1
2
14
3
18
2
2
1
3
1
5
1
9
7
1
6
6
1
3
2
1
1
2
4
3
3
2
1
2
7
2
8
3
2
1
4
1
3
4
1
2
2
3
2
3
2
5
4
13
10
17
2
3
8
2
1
3
7
2
1
5
2
2
3
8
1
10
1
1
1
7
3
4
9
5
3
1
2
2
2
4
2
1
4
4
6
3
4
1
6
11
3
2
2
2
15
1
1
1
15
5
7
2
2
4
1
1
4
1
1
3
5
2
4
3
1
1
2
4
1
2
1
2
1
3
1
1
1
