1
2
1
1
1
5
1
2
2
3
1
3
4
2
2
11
8
1
1
1
1
1
23
8
1
3
2
4
1
9
14
1
12
2
10
3
1
5
1
31
5
3
5
1
5
2
2
4
2
4
1
5
7
2
26
4
32
29
60
3
1
7
5
20
1
9
24
16
27
12
4
10
12
1
2
1
3
2
11
34
1
2
15
1
4
13
26
2
7
9
7
8
7
4
2
4
2
7
1
2
11
6
3
3
6
7
8
9
2
1
1
2
1
2
1
10
2
84
1
3
1
1
4
1
5
4
3
3
11
8
30
14
1
4
6
4
10
11
1
1
3
2
5
3
4
2
1
3
1
2
4
17
27
14
6
11
3
13
1
2
2
15
1
6
2
2
20
9
12
4
9
1
14
5
5
1
8
4
2
7
17
14
1
5
4
16
20
3
9
31
2
2
23
4
30
23
4
35
1
10
2
2
3
1
2
3
3
3
1
21
2
5
4
9
3
3
4
2
1
1
1
2
3
1
2
2
2
2
1
1
1
1
1
1
1
4
1
1
3
1
1
2
2
1
1
3
1
2
1
2
2
3
1
3
3
30
1
4
2
1
11
5
5
2
6
7
12
13
12
3
4
5
2
3
1
4
1
1
1
16
11
83
6
1
1
2
1
2
3
6
3
6
1
6
7
8
33
9
2
1
4
1
2
6
4
18
1
8
1
7
4
1
1
4
2
3
5
1
1
4
1
4
4
8
1
2
1
8
2
5
1
88
24
30
19
5
2
6
17
4
2
30
9
14
3
15
18
8
1
8
3
16
2
3
7
1
4
8
20
55
1
3
12
83
5
1
36
2
2
18
11
3
5
4
3
1
1
4
3
4
3
6
1
4
2
4
1
4
1
18
9
31
1
1
4
2
1
2
12
3
3
20
7
16
3
2
24
1
2
3
1
2
1
3
4
5
1
4
4
6
1
12
3
8
8
7
1
5
1
3
3
11
3
3
5
22
3
18
2
4
13
22
1
3
10
6
1
15
10
1
4
1
11
1
4
1
2
6
6
4
2
3
1
4
11
25
8
37
38
1
3
19
1
1
31
5
1
8
1
2
3
4
8
19
2
4
10
14
6
61
7
20
20
17
13
1
19
5
2
10
1
3
1
2
8
1
8
12
7
5
2
1
30
1
1
3
1
9
3
1
2
4
1
2
1
1
2
3
4
1
2
2
16
7
16
6
18
3
29
7
3
1
12
33
2
17
10
17
17
19
1
6
5
5
1
5
4
2
1
1
8
17
2
1
1
18
19
1
1
8
4
6
1
7
1
6
2
1
3
21
7
4
5
4
7
13
8
4
6
3
3
13
1
4
7
1
2
9
3
1
1
1
34
8
4
101
1
2
2
2
3
17
24
2
3
10
5
13
7
1
18
14
3
2
1
1
2
2
1
2
1
4
5
5
4
6
3
11
1
1
11
30
3
1
2
90
1
5
19
14
1
1
10
29
6
2
35
6
1
4
2
5
2
2
3
13
4
10
34
6
2
5
1
5
1
6
2
3
23
52
6
1
20
1
3
1
1
1
1
2
2
1
4
1
2
1
11
1
1
3
2
1
1
1
4
2
17
3
1
1
1
4
1
10
3
8
24
1
1
1
1
1
2
3
4
2
15
1
5
7
4
1
3
34
9
7
1
6
5
19
20
3
2
1
14
2
18
14
4
1
3
2
4
2
1
2
3
4
1
1
2
4
3
1
3
3
12
4
11
4
6
3
27
4
1
1
83
7
3
5
10
1
3
1
7
3
15
11
36
2
7
30
1
4
5
7
8
3
9
1
10
2
3
23
11
6
9
2
4
2
19
4
5
44
5
1
4
1
1
2
1
19
2
1
1
1
6
2
3
1
25
14
12
9
1
1
1
5
13
3
5
22
6
6
105
16
31
3
1
2
1
16
4
1
1
2
3
1
1
19
1
7
6
9
3
8
3
16
14
9
8
5
2
4
4
5
9
5
8
13
16
5
4
2
33
3
3
28
1
2
15
29
2
28
1
7
4
16
6
1
8
11
4
8
1
2
8
2
22
3
6
5
4
3
2
54
17
3
6
9
2
1
8
2
9
4
5
1
17
25
61
7
46
3
7
8
1
124
1
3
29
47
3
1
4
1
22
1
1
6
1
8
6
5
8
3
48
56
6
45
4
61
2
2
3
4
12
1
4
16
12
21
7
8
1
17
10
2
1
3
14
11
22
5
13
8
11
2
7
41
1
4
2
2
4
4
5
21
1
14
1
12
1
9
3
2
1
4
1
8
3
4
4
4
3
1
1
2
5
10
9
1
15
31
15
1
7
7
8
4
2
2
11
2
1
1
1
1
2
9
4
13
7
1
1
39
4
15
38
2
1
1
1
1
2
11
2
16
2
1
3
3
7
6
1
1
1
1
1
1
3
2
2
6
2
25
6
56
6
12
7
17
19
2
4
2
14
7
1
7
18
8
14
10
5
17
12
2
24
28
35
