14
1
1
4
1
1
1
2
3
2
6
8
10
1
3
7
1
5
1
1
3
12
5
1
1
1
3
1
19
9
2
2
3
2
1
2
1
1
1
2
1
1
2
2
6
4
4
4
7
11
14
15
12
11
1
1
17
2
2
1
17
3
1
1
2
2
1
2
6
1
1
5
1
1
1
2
13
1
2
5
2
1
2
5
4
11
1
1
2
1
2
5
1
3
6
5
3
1
4
2
1
1
3
1
2
4
18
3
3
8
8
5
15
1
6
2
3
1
1
1
8
6
2
1
1
18
2
5
6
1
1
8
2
12
3
2
2
2
1
1
4
2
2
1
3
7
1
1
2
3
2
10
12
6
15
2
1
1
4
2
8
1
7
9
1
10
1
8
5
4
1
4
3
2
2
3
2
1
2
1
1
1
1
1
1
2
20
2
4
15
1
6
7
12
12
1
10
1
3
25
2
2
3
2
1
1
3
3
1
3
3
4
1
11
4
1
3
6
1
3
1
2
5
1
1
1
1
3
2
1
3
2
1
3
3
4
57
10
5
1
5
3
6
2
3
15
1
7
6
1
2
8
2
4
1
1
2
5
4
1
14
3
7
7
1
2
1
2
13
2
14
7
2
1
3
4
1
8
2
2
2
2
4
2
1
16
1
2
6
8
1
5
1
6
1
3
2
3
2
5
13
2
8
1
11
3
17
3
1
3
2
3
2
6
2
1
3
1
2
1
2
15
1
2
1
1
2
6
1
1
2
7
2
1
1
6
3
2
2
8
3
1
1
15
10
4
1
2
1
4
3
1
1
1
1
3
3
2
10
4
2
1
6
1
21
1
43
54
44
11
6
2
2
1
2
3
2
3
2
1
6
4
1
2
1
2
3
1
1
3
2
3
3
3
2
2
6
1
2
1
3
1
4
1
1
6
1
2
1
2
3
2
1
1
1
1
3
2
1
2
7
1
1
3
5
9
1
3
1
1
5
3
3
10
7
2
3
2
2
1
2
4
2
5
17
10
5
4
2
1
1
1
1
2
1
4
4
9
6
7
3
16
6
8
6
1
6
1
3
2
4
1
1
3
3
1
3
5
3
1
1
2
1
1
1
2
3
1
1
2
1
1
2
2
1
2
1
2
1
1
2
1
2
2
2
3
1
2
1
1
1
1
2
1
1
3
2
1
1
2
6
2
3
1
2
4
2
1
1
1
1
12
1
3
1
1
1
1
1
1
1
1
1
1
1
1
4
5
1
1
2
1
2
1
1
2
3
1
1
1
2
1
1
2
1
1
2
2
3
6
1
1
1
1
1
5
1
3
3
3
1
1
1
1
1
4
2
3
1
3
5
1
1
3
2
1
4
2
1
1
3
1
1
3
2
1
2
5
3
2
1
4
2
2
3
2
2
1
1
1
1
1
2
1
2
1
1
1
2
1
1
1
6
1
3
6
1
1
1
2
1
1
4
1
2
1
1
1
1
1
4
1
1
4
1
1
1
1
1
1
3
1
3
1
1
9
1
1
1
2
1
2
2
3
8
3
6
1
3
3
4
2
3
2
2
5
1
1
2
1
2
5
1
3
3
1
1
3
1
1
2
3
1
1
2
3
1
4
1
1
1
1
1
1
3
3
2
4
2
1
2
5
2
4
4
1
2
5
3
1
2
14
7
3
1
1
2
2
3
2
1
1
6
1
2
2
1
5
2
2
1
1
4
1
3
3
1
1
1
2
3
6
1
4
1
4
1
35
35
2
18
7
37
4
1
1
4
5
7
1
2
1
2
2
4
5
1
1
1
2
1
1
2
3
1
2
1
2
1
2
3
2
3
2
1
2
1
3
2
2
1
3
10
2
2
2
1
2
1
1
2
2
2
1
1
3
1
2
5
1
2
1
1
4
2
1
1
3
5
1
3
2
2
2
1
3
1
2
1
1
5
1
1
4
1
2
1
2
3
1
2
2
1
1
1
1
1
1
1
4
3
2
1
3
14
21
1
1
1
1
1
1
1
1
1
1
3
2
2
1
1
3
3
1
5
1
1
1
1
1
1
1
2
1
1
1
1
1
1
1
2
1
1
1
1
1
1
1
1
1
3
3
1
12
2
5
1
1
1
1
1
1
1
2
1
1
1
1
1
1
12
1
6
2
1
1
1
4
1
1
1
2
2
3
1
1
1
1
1
1
2
1
5
1
6
3
1
1
2
5
4
2
2
2
6
5
2
2
9
16
24
1
1
7
3
2
5
1
2
1
3
1
1
8
1
12
12
4
16
63
5
1
1
2
3
1
1
6
1
26
11
2
1
1
3
18
1
12
1
2
3
14
2
4
7
2
1
9
1
1
1
2
2
52
4
33
22
3
26
1
1
1
2
4
3
28
3
2
1
2
1
10
13
10
1
2
1
1
2
1
3
1
4
2
3
1
2
4
1
2
1
2
3
5
1
2
4
1
2
1
3
1
3
4
4
10
2
7
2
1
4
6
1
11
24
2
4
12
2
18
56
95
99
3
2
1
1
1
2
1
2
1
3
10
3
7
5
1
2
3
1
2
25
39
3
1
100
33
3
1
2
2
1
1
2
1
5
6
5
7
9
1
1
2
7
1
