1
1
1
1
2
2
1
1
2
2
1
1
1
3
15
4
1
2
1
1
2
1
2
2
1
5
1
2
1
1
1
1
1
1
1
1
3
1
6
2
1
2
4
1
3
1
2
4
2
1
2
2
1
7
2
2
2
1
10
3
1
3
2
4
1
1
2
1
1
1
1
2
1
1
1
1
1
1
1
2
1
1
1
1
1
1
1
2
1
1
1
1
1
1
1
1
1
1
2
1
1
2
1
1
1
1
3
1
1
2
1
1
1
2
1
1
1
2
1
2
1
1
2
1
2
5
6
5
3
2
1
1
2
2
1
2
1
2
6
1
4
2
1
1
1
3
1
2
151
39
87
15
132
123
24
111
1
57
82
57
3
1
35
57
5
28
13
1
66
3
7
1
1
1
28
15
1
21
11
9
4
37
4
9
1
6
34
32
22
14
12
8
3
1
25
22
281
3
7
219
1
281
4
75
25
31
138
27
56
50
10
110
70
28
20
31
62
2
6
1
12
4
1
3
1
1
5
3
1
4
5
6
1
1
9
4
1
5
2
1
129
