14
393
12
35
10
17
140
24
31
3
1
3
5
43
41
45
8
123
33
80
46
8
14
9
7
39
1
15
12
13
15
2
29
2
4
2
68
20
1
1
55
6
3
44
17
60
1
105
8
15
2
4
17
2
3
1
1
10
32
3
1
2
55
1
1
1
1
1
9
10
21
1
27
28
43
17
55
59
10
5
11
21
2
2
6
22
6
17
52
5
2
1
38
2
21
29
7
3
20
18
3
29
50
98
10
1
1
22
21
60
5
1
1
6
11
40
4
45
9
34
2
109
206
9
11
21
1
3
34
20
22
11
23
7
20
20
1
3
6
1
2
10
3
2
21
3
163
16
6
24
24
9
44
6
1
27
9
2
14
14
56
3
74
30
45
6
1
36
83
8
2
12
1
1
1
1
3
3
1
6
22
16
1
3
8
2
1
5
16
100
1
66
25
1
40
6
18
13
6
21
5
3
1
1
12
1
1
1
1
3
2
1
1
25
4
9
1
1
1
13
6
3
2
6
8
12
12
1
3
1
1
1
2
5
3
3
10
17
1
2
12
4
3
3
5
6
1
16
19
16
10
3
1
10
10
51
6
1
5
1
2
1
5
21
1
2
1
4
1
11
11
9
25
15
13
1
5
19
12
2
35
16
4
21
4
3
1
1
2
1
1
5
5
1
1
1
1
2
2
1
1
2
1
1
1
1
1
1
1
1
3
1
1
1
1
1
3
2
1
1
1
4
1
1
1
1
3
1
1
6
2
1
4
1
3
2
1
1
2
1
1
5
4
4
1
3
1
1
2
1
3
2
1
2
1
2
2
1
1
1
1
2
1
9
3
2
2
1
1
1
1
1
1
2
2
2
3
1
1
4
4
2
1
1
3
1
1
1
2
1
1
1
1
2
1
1
1
1
1
1
1
1
15
10
1
1
1
3
1
1
1
1
2
1
1
2
1
1
2
1
1
1
1
1
1
1
1
1
1
2
1
1
2
2
21
1
1
1
2
2
2
3
1
2
1
1
1
2
2
2
1
2
1
6
1
1
1
1
2
3
1
7
1
1
1
3
8
1
1
6
7
1
1
1
2
4
2
6
1
3
1
1
3
1
6
18
3
6
1
2
6
8
6
2
22
30
175
2
42
2
2
1
2
40
6
1
4
58
9
1
100
35
15
7
2
5
15
12
5
8
1
7
7
1
3
10
57
11
20
16
1
1
4
11
2
608
48
1
21
14
25
4
3
6
2
2
1
1
3
2
3
5
1
2
10
1
4
2
1
2
4
2
3
1
3
1
2
1
2
1
4
4
2
2
1
9
4
9
2
6
2
3
1
1
1
1
2
1
1
1
1
2
1
1
3
1
1
1
1
1
2
1
3
1
2
1
6
1
1
2
1
2
3
4
2
2
3
1
2
2
1
4
2
1
4
3
1
1
2
2
4
1
2
1
2
3
4
1
1
1
1
1
9
3
16
3
7
4
1
7
10
1
4
1
7
1
2
1
1
2
2
1
2
1
2
2
2
1
1
1
1
1
2
1
1
2
5
3
3
1
1
1
2
1
1
1
1
1
4
2
1
1
1
1
1
1
10
9
1
2
1
2
16
2
2
1
11
5
2
1
2
2
2
1
1
2
1
1
2
