2
1
1
3
1
2
1
1
6
2
2
9
27
26
1
12
18
7
2
4
9
10
12
8
2
1
1
18
53
121
3
5
3
3
1
13
1
2
1
4
2
9
1
1
5
11
2
8
32
1
1
13
9
13
10
7
1
2
1
1
1
1
3
7
9
5
6
1
8
1
2
1
5
3
2
2
11
1
1
4
2
2
3
9
1
2
10
1
2
2
1
1
8
3
3
1
4
15
2
5
6
11
8
1
2
1
1
5
1
12
4
4
3
1
1
7
2
1
4
4
3
12
1
2
2
2
5
12
5
7
1
4
2
2
1
1
11
3
4
2
10
2
2
1
1
2
1
4
6
3
3
2
1
3
1
2
2
3
2
1
2
1
1
1
2
1
1
5
1
3
4
1
1
1
1
1
3
8
6
7
10
2
3
1
10
37
1
1
6
2
1
2
11
2
1
12
6
1
1
34
4
2
8
2
5
7
21
5
9
3
12
6
4
1
3
16
4
10
7
10
15
15
3
3
11
13
3
1
11
18
10
26
13
11
7
2
10
37
26
14
1
36
4
13
32
4
1
1
4
1
3
12
3
3
5
3
7
13
1
2
6
7
1
7
1
2
4
5
5
1
4
1
1
6
10
17
5
2
1
1
5
4
2
2
1
2
3
1
4
2
1
1
1
2
2
7
1
2
5
4
7
4
1
4
1
2
6
4
3
9
4
8
1
11
3
3
1
8
6
4
1
2
2
8
4
2
6
3
4
5
5
2
1
1
7
1
5
1
4
1
6
2
17
1
1
2
12
11
1
4
3
2
7
1
4
12
6
2
8
1
1
1
3
16
4
1
3
6
1
7
5
1
6
1
1
3
28
2
6
7
1
1
5
2
6
2
3
2
1
3
7
4
2
1
1
2
1
5
8
5
1
1
1
5
6
2
15
1
6
7
8
2
2
15
7
24
3
30
29
24
2
24
21
5
7
11
1
30
10
37
22
1
30
41
2
2
22
19
63
7
13
1
7
2
10
1
5
1
2
3
14
3
1
7
3
3
5
2
1
12
3
7
7
2
2
1
1
4
2
14
3
1
4
5
14
9
1
2
1
3
13
2
2
5
3
3
11
2
5
2
5
25
7
3
17
3
4
11
1
2
1
1
4
5
20
7
5
4
2
4
4
2
3
2
2
3
1
5
8
2
3
8
10
2
5
3
2
6
7
1
6
1
1
4
4
2
6
3
1
2
4
1
5
1
1
2
1
1
2
11
7
11
1
1
4
1
11
12
4
7
1
3
3
2
1
1
2
3
2
8
20
1
2
7
2
2
2
12
7
6
3
8
1
3
6
5
5
1
5
6
8
4
8
6
17
3
2
3
6
1
10
1
2
4
4
1
11
4
10
2
6
1
3
6
3
1
1
4
2
4
6
5
4
1
3
3
1
2
3
1
1
12
1
2
1
4
2
3
2
1
1
2
6
2
11
9
1
2
7
10
5
2
5
1
3
2
1
6
2
6
2
1
1
1
2
1
2
4
1
8
1
1
1
5
2
1
4
1
10
7
43
36
10
42
68
3
6
1
2
1
1
4
1
10
5
4
1
1
10
4
5
3
2
2
4
1
11
20
1
9
4
1
13
12
2
4
5
1
11
2
2
3
1
6
5
5
3
9
2
1
2
7
1
1
2
3
3
3
2
1
3
1
2
2
6
3
1
8
2
46
1
1
3
10
27
5
14
1
12
28
57
1
33
1
2
1
1
26
26
7
11
25
5
32
2
1
19
18
18
17
16
33
6
1
9
1
3
16
1
68
5
27
22
25
12
2
17
4
5
21
1
10
11
1
3
22
1
18
7
19
22
13
21
25
1
2
1
4
18
1
26
2
1
1
33
25
5
3
5
26
24
4
3
33
23
82
75
2
17
12
18
18
55
14
10
7
3
2
1
8
12
1
33
8
2
38
1
5
37
20
30
11
5
7
4
2
2
6
2
2
3
2
8
12
2
1
1
1
2
8
29
1
3
1
1
6
11
1
4
15
3
13
3
10
2
12
5
3
65
14
34
28
5
18
2
31
25
2
15
2
2
2
3
4
1
11
1
2
1
11
6
2
15
2
1
1
2
1
3
1
7
9
13
4
2
2
56
25
64
5
1
2
3
1
22
1
1
21
1
2
2
14
10
1
2
1
8
5
18
1
4
1
26
2
2
4
5
1
47
1
1
1
10
6
7
4
39
8
57
10
41
5
8
1
1
1
1
1
1
1
1
8
2
8
4
1
18
4
3
2
3
3
15
29
17
2
2
9
5
1
1
12
8
6
41
19
2
1
1
4
1
5
1
3
2
2
2
2
1
1
1
1
1
1
1
1
1
4
2
7
5
13
16
1
2
4
1
4
5
4
1
5
2
2
2
5
4
2
1
5
1
7
9
7
1
5
4
3
2
4
1
3
1
1
3
1
2
6
1
11
2
2
6
3
1
4
2
7
15
17
17
18
26
21
21
6
4
1
1
3
2
1
1
5
6
1
1
4
5
4
1
5
1
7
1
3
2
1
3
1
1
1
9
1
3
2
1
1
1
4
1
1
3
3
4
1
1
4
2
5
2
4
2
1
2
4
1
1
2
1
2
2
6
12
2
3
1
2
8
1
19
2
1
1
2
15
1
2
8
8
1
3
4
2
1
7
1
1
2
5
2
9
9
5
2
1
9
4
1
3
3
4
1
4
13
1
5
4
6
3
4
1
4
4
1
1
6
1
3
6
5
2
2
1
7
3
3
8
1
5
4
6
1
1
6
4
6
5
1
13
5
4
1
3
1
1
3
2
2
2
2
3
3
3
2
3
3
24
2
1
8
12
3
4
2
1
2
1
1
7
5
1
1
3
2
3
2
1
1
3
2
4
2
1
7
1
4
7
1
3
9
6
2
10
4
2
7
10
1
3
5
3
1
4
2
2
5
1
1
7
6
1
17
5
3
4
2
23
3
7
5
3
6
1
1
10
1
2
1
2
10
7
2
1
1
7
7
3
4
5
2
3
1
3
2
1
10
5
6
1
1
2
9
11
1
8
4
2
5
5
6
8
2
11
1
9
5
3
3
4
2
2
2
1
1
1
1
1
1
2
3
11
5
5
2
8
2
2
4
7
18
2
9
5
1
1
22
2
15
42
7
1
4
4
6
26
24
5
9
12
13
2
13
3
4
1
6
3
3
1
2
1
3
3
2
1
1
8
1
3
4
2
4
3
15
2
3
6
1
3
11
3
4
4
1
1
1
1
10
1
2
9
3
20
19
32
30
26
7
25
5
3
5
2
1
1
5
1
1
5
1
8
2
6
1
1
1
6
2
2
2
1
4
1
6
1
5
1
20
1
12
9
4
2
4
11
2
33
3
5
5
15
18
4
14
4
3
1
2
3
