1
1
1
2
4
8
1
3
5
3
5
8
3
5
3
3
1
1
1
1
2
1
1
1
1
1
1
2
2
1
1
3
1
1
2
7
5
1
1
3
1
1
4
2
4
3
6
1
1
18
33
10
11
3
1
22
1
1
1
3
2
3
4
7
1
1
7
1
5
1
9
2
4
4
2
1
1
4
1
3
1
4
1
6
3
16
6
6
2
1
1
3
11
2
1
4
3
7
3
1
3
1
1
9
3
1
1
2
3
1
1
2
6
2
1
1
4
2
5
2
5
1
1
2
3
1
5
1
1
6
9
3
4
5
1
1
1
3
10
3
3
9
2
6
11
3
1
1
1
4
17
10
4
3
6
8
10
2
7
6
2
1
3
131
2
25
1
7
1
2
2
2
3
1
1
46
22
23
1
3
74
51
2
9
1
6
6
58
32
23
30
2
16
2
46
29
23
10
8
3
10
1
1
4
2
10
2
1
2
1
1
8
1
4
3
5
1
9
2
6
7
1
2
2
2
1
76
8
22
1
3
2
1
4
6
27
117
30
2
10
20
1
1
11
2
8
20
1
15
45
1
6
2
1
29
15
2
2
12
1
6
1
26
94
20
38
6
28
4
6
2
28
23
41
8
8
5
3
25
10
11
1
16
32
1
2
1
3
4
1
2
27
3
1
1
1
1
94
258
253
6
12
5
20
10
2
22
41
22
1
14
48
248
24
125
31
6
11
3
27
26
6
75
152
34
4
25
78
1
1
56
1
1
1
1
1
147
13
7
26
1
1
1
1
1
42
67
1
21
20
14
14
20
56
61
72
15
89
243
58
39
96
1
7
1
1
1
14
5
22
13
2
3
27
1
4
12
9
36
2
19
128
10
14
22
32
19
57
1
31
191
32
53
55
12
14
5
8
2
60
1
19
48
18
16
12
75
16
26
5
3
6
16
24
45
2
1
30
14
52
1
123
4
17
9
4
9
21
2
43
1
31
2
2
48
29
162
1
2
5
1
2
1
1
1
5
3
12
1
2
2
5
16
1
1
1
1
1
3
3
6
3
1
3
6
7
2
1
1
12
51
90
86
6
2
1
1
7
2
2
7
2
3
2
2
2
5
6
2
3
2
14
160
29
125
54
1
80
32
130
26
1
1
1
1
1
1
1
