2
2
2
1
1
5
4
1
1
11
1
1
1
1
3
9
2
1
1
5
9
1
2
2
22
2
1
6
3
1
1
7
5
2
27
7
2
11
1
5
2
1
1
1
1
1
1
1
1
2
1
2
6
2
2
2
1
1
1
2
4
17
1
3
3
15
14
2
2
4
2
1
2
2
2
13
2
8
3
3
1
1
5
3
2
1
1
2
1
6
3
1
2
1
6
10
15
13
10
1
2
2
6
5
4
7
1
10
5
15
2
22
4
1
2
1
4
1
2
3
1
1
8
4
5
7
2
2
2
1
4
8
4
1
1
4
5
1
2
2
1
13
1
1
16
2
5
1
6
4
4
8
1
1
1
5
8
3
3
2
1
1
1
4
3
1
2
4
4
2
134
57
1
1
1
1
2
1
1
1
128
1
1
2
1
1
1
2
1
3
1
7
13
3
2
1
6
1
1
3
1
1
1
2
1
2
5
1
4
12
3
5
3
1
2
2
1
2
2
1
3
1
1
2
1
1
3
4
4
8
2
2
2
4
6
3
1
9
4
1
1
1
2
1
5
5
3
5
1
17
1
6
1
5
7
1
4
1
1
3
1
9
6
5
4
1
1
5
1
2
3
1
1
6
20
35
5
6
5
1
6
3
3
8
5
2
4
7
6
3
20
2
1
4
1
1
7
5
3
1
8
16
4
2
1
4
1
9
2
6
1
2
3
1
4
1
4
1
6
2
1
2
2
2
1
2
1
3
2
2
1
4
2
2
3
1
2
1
1
1
1
2
3
7
1
5
3
3
3
2
1
1
1
2
2
1
2
4
2
1
2
1
1
2
2
1
1
6
3
3
2
1
1
4
4
1
8
7
1
1
3
1
4
2
6
13
1
1
4
2
1
2
1
1
1
1
5
1
2
1
1
2
2
1
3
1
6
1
3
9
6
1
1
1
1
1
1
1
5
1
3
6
1
1
7
5
7
1
4
1
2
1
1
1
2
1
1
6
6
2
10
8
3
1
1
1
6
3
2
1
1
2
5
1
9
1
1
2
2
8
18
6
2
2
5
1
10
10
12
6
2
8
1
1
4
9
2
6
8
1
3
2
1
6
1
2
1
1
2
1
1
1
1
2
2
2
4
13
1
13
1
1
2
2
4
1
1
1
6
2
3
3
9
17
19
1
1
3
6
2
1
1
1
1
4
1
7
1
2
3
2
1
1
2
1
3
1
1
2
1
1
1
1
1
3
4
2
7
12
10
10
3
35
2
2
5
1
5
2
2
7
2
1
2
1
1
1
1
1
1
2
6
1
5
1
1
9
13
1
6
2
1
6
1
2
2
5
4
5
2
11
1
2
1
2
3
4
4
1
2
3
1
1
2
1
1
2
8
2
3
1
8
7
7
2
4
1
3
5
1
3
2
2
2
1
5
6
1
1
3
10
21
4
8
1
2
4
3
1
2
8
2
5
2
2
3
4
4
1
1
1
1
8
1
2
1
1
1
3
2
1
1
1
1
1
4
5
9
3
3
3
1
2
1
9
2
1
6
5
1
4
6
5
3
6
1
2
10
10
1
38
18
7
11
2
7
8
1
1
2
2
4
8
4
10
1
10
10
26
18
19
2
2
2
9
13
2
3
9
1
12
5
12
1
7
9
6
8
3
1
45
5
24
41
10
3
46
7
12
1
5
10
4
3
16
3
6
19
8
3
13
18
30
20
12
17
8
1
12
18
3
3
9
5
13
13
30
8
1
1
16
1
13
4
3
9
2
13
43
6
2
6
1
4
96
42
1
21
11
23
24
22
6
2
2
10
14
5
11
3
8
6
9
1
28
8
3
10
11
11
12
1
1
2
7
7
12
2
4
18
3
4
13
5
44
1
5
7
2
9
12
10
1
9
12
9
1
3
3
10
1
6
17
36
15
6
1
1
10
1
1
12
1
17
1
10
2
9
3
13
2
9
13
2
2
9
14
14
2
1
13
23
4
7
2
2
1
1
3
7
3
4
3
2
1
1
2
2
3
4
11
2
1
4
3
1
4
7
1
1
3
6
1
2
8
1
4
1
6
3
2
25
2
3
1
1
6
4
11
1
8
1
9
3
25
1
5
3
2
1
44
9
4
2
3
2
4
2
1
12
6
4
4
1
5
5
3
15
21
2
23
7
3
4
1
3
8
3
4
5
3
1
9
3
1
1
2
7
1
1
2
16
3
3
12
4
10
12
14
4
2
1
13
3
4
1
1
2
2
5
7
9
1
5
2
1
2
1
2
2
1
1
5
2
13
2
1
3
2
1
13
7
4
3
7
1
18
1
20
2
1
3
10
9
1
33
13
1
1
1
1
6
2
2
10
1
2
2
6
1
2
1
2
4
1
1
1
1
3
3
2
6
3
5
1
3
21
5
3
9
2
4
7
5
15
3
27
1
12
5
20
1
3
1
3
1
1
2
2
1
1
1
1
7
1
2
1
1
1
1
1
2
1
2
2
4
2
2
2
1
3
1
1
1
1
2
2
2
1
2
1
1
1
1
1
1
2
1
1
2
2
3
6
1
4
5
12
3
15
1
2
9
1
4
5
5
2
1
1
1
2
1
1
4
5
4
4
5
2
1
4
1
6
2
5
3
3
4
4
4
3
1
10
1
1
1
11
3
11
1
1
1
11
4
2
5
1
2
4
1
4
1
6
3
2
1
3
1
3
1
4
2
4
5
1
2
6
8
6
1
2
10
3
1
1
8
2
5
1
4
4
4
3
5
11
5
4
4
4
8
1
5
2
1
1
1
3
3
11
7
3
3
1
10
6
4
5
2
1
4
1
2
1
11
3
22
5
7
5
5
7
1
3
1
2
8
16
8
3
2
1
4
3
4
1
1
1
4
2
1
5
4
2
1
4
3
2
2
1
1
2
8
1
2
1
2
2
3
1
1
1
1
2
4
1
2
2
1
4
1
4
1
1
5
1
2
1
16
1
3
4
2
3
1
2
2
3
2
8
1
1
1
10
2
3
4
1
1
5
1
2
2
1
9
3
3
3
6
5
1
2
6
12
1
1
1
1
2
2
5
3
1
1
4
1
11
11
18
3
25
2
7
11
1
1
1
5
1
1
2
13
1
2
5
22
4
2
5
8
1
3
1
1
6
1
1
1
2
1
1
2
3
1
4
2
2
1
1
1
1
2
1
4
4
1
4
1
3
1
1
4
3
2
1
5
1
1
7
3
1
7
2
2
3
3
1
1
24
1
1
1
1
3
22
3
11
3
5
4
22
2
1
3
6
1
10
22
1
1
1
1
2
1
4
2
1
2
1
2
34
5
11
4
6
3
15
9
1
5
11
6
3
10
8
18
5
13
4
5
1
3
8
1
1
2
5
1
10
3
9
5
13
3
13
5
2
7
2
21
7
6
2
2
1
1
2
5
11
9
9
9
5
3
8
14
6
3
3
3
6
7
2
3
14
4
13
30
3
1
1
2
1
1
1
1
1
1
1
1
3
4
3
1
2
16
3
1
1
12
2
11
1
1
2
6
1
3
5
7
13
4
4
5
10
3
8
1
1
2
9
3
2
32
2
8
3
5
9
1
2
7
5
2
7
6
1
2
5
11
