1
1
66
25
184
1
1
2
1
2
2
1
11
13
7
3
26
131
148
18
1
12
54
17
5
1
1
1
64
24
16
13
54
17
1
2
2
1
36
66
85
19
23
23
1
3
112
1
18
15
106
6
67
202
13
31
12
8
2
1
2
2
10
1
9
11
4
6
2
4
9
1
7
2
11
1
13
2
9
1
3
5
2
1
18
5
23
3
9
8
1
4
4
2
3
9
2
1
33
5
6
16
9
1
4
34
46
1
1
112
32
1
1
11
4
15
38
9
3
1
1
2
4
56
33
2
5
6
16
3
14
187
89
38
56
14
96
89
75
4
14
3
15
2
1
1
3
4
4
9
3
5
1
7
64
3
2
7
24
1
42
23
22
18
6
19
19
27
1
8
15
40
1
32
64
32
1
1
2
4
7
1
13
8
4
1
25
1
29
32
34
40
27
1
8
47
62
112
27
2
1
18
21
8
7
2
20
60
17
1
1
3
1
6
74
5
8
2
14
46
6
61
84
4
17
2
1
3
19
2
1
1
45
1
1
39
2
5
5
16
2
12
1
3
48
23
15
1
3
1
9
1
1
1
41
110
13
6
3
98
2
6
27
5
9
9
35
1
3
48
1
2
32
134
74
2
2
63
43
2
1
1
2
5
1
4
1
6
2
10
2
1
6
2
1
3
3
2
3
1
1
27
56
27
1
7
12
11
10
2
2
9
1
5
83
16
1
1
1
42
6
3
2
5
6
2
24
16
125
1
4
3
11
10
11
8
4
6
4
33
3
1
7
4
22
111
14
5
1
7
39
22
3
11
30
7
5
18
5
20
30
28
96
50
11
2
25
2
41
3
33
137
9
2
3
2
1
2
12
1
8
5
2
40
2
3
46
47
12
4
26
9
2
11
2
40
84
66
11
12
65
5
9
6
11
15
6
27
2
3
1
16
35
4
5
7
7
19
3
4
26
4
2
9
17
6
120
14
6
132
4
77
3
10
26
18
1
9
5
6
1
10
36
14
64
4
29
5
4
69
10
12
8
27
1
9
10
20
34
3
36
38
15
31
18
5
22
1
4
26
10
8
5
11
2
17
1
1
3
2
3
2
5
1
4
4
6
5
6
1
3
1
1
35
1
10
17
1
8
21
32
2
17
2
1
1
1
16
1
24
1
1
60
34
3
1
3
28
1
6
13
2
18
1
1
3
7
12
6
3
3
1
1
1
1
1
2
5
25
1
1
6
3
7
8
9
5
19
22
4
8
6
5
1
4
7
13
2
4
18
3
2
5
4
3
4
1
1
1
4
2
7
7
4
3
1
10
1
9
4
4
6
4
2
1
7
2
1
4
5
5
1
2
15
4
5
1
1
1
5
21
1
