22
2
36
2
2
6
13
38
7
2
3
72
18
11
10
2
8
2
7
5
5
18
1
3
2
1
1
49
7
3
3
12
7
8
2
7
2
1
19
6
4
2
2
27
12
6
4
6
9
6
4
2
13
4
5
1
6
1
2
24
1
6
2
5
2
1
2
1
7
1
7
3
21
3
5
8
4
7
2
3
21
13
1
2
1
1
16
1
5
22
3
4
2
3
1
1
1
24
2
1
3
18
7
6
1
1
1
5
12
1
8
3
15
15
8
3
12
6
9
1
2
3
2
1
22
1
5
2
8
2
1
1
1
2
5
8
1
1
6
5
3
7
12
1
9
8
5
10
15
16
4
1
36
5
7
2
21
5
5
13
8
23
27
5
3
6
2
2
46
7
2
17
21
8
1
6
12
5
10
28
6
1
40
6
40
16
9
7
7
2
2
6
1
4
2
38
2
24
4
1
2
10
20
13
10
18
2
33
10
3
2
9
9
2
5
1
8
11
3
3
41
8
10
3
2
8
116
30
21
4
2
7
8
7
7
1
1
5
4
18
3
1
13
5
1
1
3
14
47
5
2
5
1
32
30
1
2
2
2
8
1
2
3
1
2
3
10
1
2
1
4
5
1
24
2
2
1
4
4
1
35
3
33
14
4
3
8
4
2
22
41
10
51
20
21
6
3
3
12
23
9
18
6
5
6
39
1
1
4
24
1
13
7
29
7
2
4
3
12
11
1
1
1
2
2
11
1
1
1
1
1
1
1
2
14
6
2
2
5
2
3
15
21
9
22
13
9
5
4
1
4
1
5
6
1
6
4
1
4
15
7
1
1
2
1
1
1
1
3
1
45
2
2
1
1
1
4
1
1
2
1
4
12
1
37
6
28
65
27
2
45
34
32
24
30
3
17
8
18
37
27
31
7
1
1
1
4
1
1
2
3
42
14
26
29
55
23
3
21
14
36
42
24
4
37
8
8
2
22
47
29
5
7
3
26
10
14
2
50
20
9
9
22
17
36
17
39
2
8
20
7
15
1
1
1
6
18
14
11
25
13
50
3
2
51
24
8
29
10
7
41
9
21
14
12
21
2
17
10
18
36
14
39
5
10
9
73
41
39
2
23
6
24
8
1
68
27
9
1
10
13
13
33
8
11
11
20
1
16
14
1
29
5
6
8
6
1
11
9
6
7
1
27
3
1
10
24
23
20
21
41
9
1
11
10
44
9
7
11
1
7
1
11
10
29
14
32
153
19
42
40
5
98
6
33
3
1
1
50
2
32
11
30
39
6
12
7
10
6
24
2
10
25
1
15
1
1
4
8
35
20
1
53
4
4
69
8
30
16
15
16
6
9
20
6
29
21
2
8
1
1
62
34
3
7
65
1
2
1
12
3
6
1
5
1
6
4
1
11
1
29
9
3
35
65
6
13
28
26
13
1
30
9
10
16
11
2
2
1
19
18
61
80
11
2
19
14
1
1
3
2
79
47
6
5
26
96
35
14
3
22
65
37
30
36
18
17
10
42
18
6
22
14
3
2
19
16
50
6
5
1
42
37
1
1
1
1
10
2
25
3
1
1
5
5
1
10
4
1
2
5
13
9
9
5
24
5
47
3
1
13
3
10
1
52
16
1
11
8
22
33
7
17
17
2
31
9
8
8
19
7
11
8
9
13
1
4
6
1
1
1
5
3
1
10
4
5
5
31
48
29
32
1
46
26
18
61
