1
1
1
1
3
3
1
1
2
1
1
1
1
2
2
2
2
1
1
1
1
1
1
1
1
2
1
1
2
1
1
1
1
1
1
2
1
3
3
1
6
2
2
2
2
1
2
4
6
4
1
2
2
5
3
16
2
3
1
9
5
4
3
6
2
4
9
1
13
2
1
1
4
7
3
8
2
3
6
1
3
1
1
2
2
4
14
9
26
39
7
2
1
10
15
16
10
2
1
1
1
9
2
1
1
6
10
3
2
1
1
2
3
4
1
8
6
46
1
4
3
13
9
31
18
4
5
11
3
13
4
2
3
5
13
5
18
1
18
9
11
5
1
1
19
8
7
6
5
19
3
6
1
16
4
9
1
2
13
3
2
1
17
20
13
6
24
4
3
3
2
32
2
3
2
2
6
3
6
17
7
9
3
4
3
2
17
5
5
1
5
4
21
1
1
19
4
3
5
2
3
1
8
5
15
6
9
3
2
2
3
1
2
3
1
2
3
2
1
4
5
1
9
2
1
1
2
4
4
17
5
5
6
1
9
22
3
2
10
1
2
2
2
6
1
6
5
1
2
1
1
1
4
4
5
1
1
6
4
1
5
1
6
3
18
1
1
2
4
3
1
6
2
8
1
8
2
2
2
1
5
6
2
1
1
1
1
1
1
2
1
5
2
8
1
2
3
3
1
1
1
25
4
2
2
1
7
5
11
6
5
11
1
3
3
4
5
1
10
12
3
9
1
6
15
3
5
35
1
7
4
11
2
7
12
2
5
4
3
10
3
2
2
1
20
8
12
6
8
9
14
1
3
13
6
2
1
1
2
1
3
1
4
10
5
1
1
12
1
1
7
6
17
3
1
3
8
3
5
5
2
1
7
6
1
1
1
1
3
4
12
1
4
2
2
1
1
7
9
2
1
1
27
2
1
2
2
2
18
10
1
1
1
2
2
4
3
1
1
3
1
7
1
1
7
2
4
1
2
2
2
1
1
5
2
3
7
2
3
1
1
2
1
2
1
8
1
22
6
2
3
5
4
1
3
1
5
2
5
2
1
1
1
3
1
4
1
3
1
4
4
6
1
3
3
7
2
4
4
1
3
16
17
4
7
2
7
4
10
9
14
3
4
17
2
1
1
13
13
3
4
10
1
7
2
1
2
4
4
5
1
1
2
3
1
4
3
1
1
2
1
1
2
1
1
1
2
3
1
6
4
1
3
2
2
4
1
12
1
1
18
6
12
5
1
2
1
2
4
4
8
7
1
7
9
1
5
2
2
2
1
3
2
6
3
2
2
2
1
2
4
9
2
10
1
4
4
4
11
6
1
1
5
4
4
9
4
1
3
6
35
1
1
3
8
1
1
1
1
5
6
5
1
3
1
2
5
8
1
13
2
3
3
3
5
2
1
4
1
11
8
1
9
1
5
1
4
2
2
2
5
3
1
2
5
2
4
7
2
14
1
1
2
1
3
1
7
1
3
3
6
7
5
7
1
5
20
2
1
2
2
3
1
1
3
6
2
8
1
1
1
2
6
4
11
8
6
4
5
11
2
1
4
4
4
3
8
4
2
9
2
6
6
1
10
6
2
1
2
3
1
5
12
2
1
9
1
1
1
5
2
1
3
1
2
1
1
7
1
3
1
1
1
1
3
1
1
4
1
6
5
1
1
3
1
2
7
2
6
18
24
2
1
19
1
1
2
5
1
6
12
7
1
1
1
1
7
4
6
7
2
4
3
2
1
4
4
5
5
6
2
5
1
2
7
1
5
1
11
7
18
2
21
4
1
1
2
4
18
11
3
1
1
3
8
1
3
21
5
14
6
4
1
1
5
1
1
1
4
3
2
5
1
2
9
5
5
2
3
1
5
3
1
3
2
4
13
1
5
1
2
12
1
1
1
2
1
2
1
6
2
2
2
6
1
10
1
1
9
1
7
2
4
12
1
4
2
7
4
2
3
2
1
1
1
1
1
3
2
1
6
3
1
1
1
1
2
7
1
4
1
1
9
1
1
3
6
10
6
8
1
1
2
3
1
14
2
1
1
1
2
2
1
3
2
1
1
2
1
1
2
1
5
1
2
4
2
13
3
4
1
6
6
8
2
2
1
1
1
17
2
3
2
8
1
12
1
13
10
1
5
12
2
2
1
16
16
1
1
14
3
2
9
6
2
1
2
12
4
5
3
16
4
10
1
8
3
12
2
4
2
2
1
4
3
5
2
2
10
1
8
4
1
3
5
4
5
2
2
1
2
5
1
4
3
1
4
1
1
1
3
1
3
11
3
1
13
3
4
3
2
1
1
1
1
6
4
5
1
2
3
2
3
3
4
2
2
2
3
2
3
5
5
1
2
10
3
1
3
13
8
11
2
3
1
3
3
3
10
2
2
1
3
1
14
3
7
1
1
1
1
4
2
5
1
2
3
6
7
2
8
2
1
2
3
6
4
1
4
3
2
5
3
2
6
1
3
1
7
2
1
2
4
2
1
1
2
3
1
1
2
1
1
1
13
3
4
1
3
2
7
1
19
1
5
2
4
6
1
16
1
4
6
3
1
1
2
1
3
1
9
2
1
2
1
2
1
21
1
4
2
2
3
6
2
4
3
1
3
3
3
1
2
5
1
4
1
4
3
2
3
1
1
3
6
4
1
1
6
1
2
4
4
17
8
5
2
1
7
8
8
5
1
1
2
3
3
6
2
2
3
1
3
6
3
5
5
1
2
5
2
7
2
1
2
1
7
6
11
2
4
2
1
12
3
6
1
18
7
10
4
12
31
12
1
8
3
1
2
5
1
2
1
14
5
3
1
2
19
8
5
18
4
3
3
4
8
1
5
7
2
5
1
3
1
2
1
2
2
2
2
3
8
1
4
4
1
1
6
1
1
1
6
2
10
4
11
3
1
1
1
9
1
1
2
3
1
17
2
4
3
4
5
11
1
4
1
1
6
6
3
1
1
10
7
2
8
7
4
7
5
6
2
8
2
7
6
2
1
7
2
1
5
2
3
10
7
4
3
5
6
6
11
5
1
11
2
3
9
1
2
2
4
12
1
2
1
1
4
9
6
5
10
9
1
1
2
1
1
4
4
15
2
20
1
2
6
1
1
19
2
1
1
2
2
1
1
2
5
18
2
4
5
4
1
2
1
2
5
1
1
14
2
1
1
1
5
12
10
3
4
25
1
4
1
13
1
9
5
3
4
1
4
7
3
2
27
7
1
12
1
5
2
4
8
1
1
1
1
1
1
1
1
3
1
1
2
1
3
2
1
1
2
2
1
2
3
18
2
4
13
24
1
11
4
8
14
3
20
2
9
4
1
17
7
1
3
6
4
24
1
26
7
12
4
20
4
1
1
1
3
8
2
9
1
1
1
3
8
2
5
8
6
1
2
4
9
1
1
10
9
1
4
4
4
1
1
1
1
4
2
2
1
4
23
7
2
2
11
2
2
2
4
2
2
4
2
1
4
3
2
1
1
2
20
8
2
9
11
7
2
7
20
2
10
15
1
10
4
1
9
1
9
5
3
1
1
6
4
18
3
5
5
3
6
5
5
2
3
10
5
15
2
2
3
6
2
26
33
30
13
2
8
14
10
1
4
3
1
18
3
3
7
13
1
6
1
2
12
1
1
1
3
2
7
2
2
9
26
2
1
4
1
7
2
17
5
15
15
16
11
1
7
2
5
10
2
48
14
7
5
14
1
16
2
3
1
20
2
4
3
1
1
11
11
15
8
5
12
31
3
3
1
5
12
7
1
5
3
4
15
1
6
4
13
16
12
3
19
4
3
11
8
2
40
6
4
3
14
1
2
8
4
2
6
2
9
4
14
7
11
8
4
5
3
3
1
11
5
1
1
2
1
1
3
1
9
1
8
1
10
25
1
5
19
6
23
18
18
5
4
10
8
2
1
2
23
1
1
7
3
5
13
16
10
4
16
4
7
8
6
19
5
4
1
2
1
9
9
16
4
3
4
2
1
12
9
10
3
14
15
1
1
2
12
15
2
2
12
26
8
4
1
1
1
6
1
7
1
7
1
21
1
1
2
4
12
8
3
9
11
3
1
4
2
2
1
4
1
1
4
1
15
2
13
2
7
2
1
5
7
5
32
15
8
2
1
1
2
1
2
4
4
4
2
5
7
1
3
7
2
3
3
1
7
2
1
2
1
3
7
1
1
3
6
3
2
3
2
4
1
1
1
3
4
2
2
9
4
2
1
1
5
2
2
2
2
5
4
8
1
10
1
43
9
