1
18
46
1
8
6
2
3
58
6
4
4
4
1
10
10
9
1
3
12
26
15
3
1
13
8
1
5
1
17
6
7
6
1
7
1
3
4
3
1
5
1
30
4
3
20
8
8
10
34
6
31
38
1
15
1
7
3
1
13
12
2
5
70
11
34
20
12
1
2
1
14
7
5
8
37
1
3
2
3
3
8
3
2
11
1
2
1
1
3
3
12
22
2
10
19
3
13
13
7
18
6
1
4
3
10
2
2
8
7
1
4
2
1
14
11
27
2
11
1
5
10
1
2
17
1
1
1
8
5
3
4
11
1
1
7
4
3
1
1
1
3
37
4
2
4
1
20
2
1
1
31
9
18
1
5
4
1
12
1
1
2
1
1
1
9
3
8
1
16
9
47
8
2
21
5
1
22
1
1
1
1
1
12
1
2
5
1
1
5
10
4
7
12
2
2
10
1
1
2
16
25
1
5
1
8
13
1
35
4
2
4
1
18
6
61
25
3
40
5
22
4
2
1
12
6
63
10
5
4
1
2
5
1
27
17
11
2
5
1
8
1
8
8
43
2
48
4
1
5
9
2
2
2
55
9
4
1
23
11
8
3
2
2
3
1
12
1
1
2
1
69
18
4
5
11
1
16
2
12
4
9
10
12
6
11
5
4
1
1
2
2
3
1
2
6
3
4
6
10
11
4
1
2
8
1
2
1
2
1
2
1
1
2
4
24
7
4
4
4
6
1
1
6
15
1
13
8
7
3
2
28
42
5
27
15
1
8
13
9
10
1
3
10
4
1
3
4
1
5
13
3
1
2
7
5
7
22
3
5
2
1
7
1
18
36
4
10
1
2
29
26
6
12
4
2
3
2
1
2
6
1
2
3
1
1
26
3
2
4
3
2
2
2
1
1
1
1
1
30
22
1
2
15
3
2
4
4
1
20
7
13
4
10
19
14
1
4
2
2
3
3
4
2
2
2
5
4
5
1
1
12
8
1
1
3
2
4
4
1
26
5
10
3
15
3
18
5
6
22
1
2
8
1
9
1
2
8
3
12
11
6
2
17
24
2
5
2
3
3
5
2
1
20
1
7
4
2
5
2
2
1
1
5
2
1
7
1
1
9
4
2
3
2
7
1
1
2
1
1
11
1
3
7
5
4
3
1
20
9
1
8
19
1
4
4
12
9
1
34
2
14
6
1
7
2
2
1
4
13
3
21
11
10
11
2
6
7
4
2
1
9
25
8
30
1
14
4
5
10
1
19
2
5
17
3
7
3
4
3
1
8
2
9
1
1
1
1
4
1
2
5
4
13
6
1
1
8
18
10
1
8
5
6
16
7
15
14
3
1
10
6
1
10
3
1
19
2
4
2
1
6
18
1
5
4
7
13
1
5
1
12
2
6
8
2
2
21
1
2
18
9
20
3
5
11
4
4
1
6
2
21
2
2
1
1
4
1
17
2
2
15
5
9
7
1
4
1
2
3
2
19
2
4
11
3
2
1
1
1
2
1
3
12
10
13
7
14
40
5
2
8
12
16
4
11
17
13
8
1
1
3
7
37
6
8
25
16
1
3
3
5
1
1
1
26
8
2
25
3
1
1
7
28
2
1
16
3
3
2
5
4
3
1
8
11
1
4
1
1
11
7
6
1
7
1
4
8
2
10
16
1
1
1
7
1
9
15
35
6
1
6
3
7
2
9
7
17
1
5
2
12
1
3
8
2
6
1
11
19
1
1
5
1
4
8
3
4
1
1
1
13
2
1
1
11
1
7
8
2
1
3
1
1
2
1
4
2
2
3
7
4
1
3
8
2
1
1
1
2
15
1
4
9
2
26
20
1
3
1
1
7
3
1
2
5
2
1
1
4
2
2
24
1
3
1
2
1
13
6
3
1
16
1
2
1
12
2
3
1
1
9
1
1
16
4
26
8
4
3
11
1
13
9
1
4
11
8
2
5
12
4
3
3
6
7
1
1
9
3
2
1
2
5
3
15
7
20
11
4
6
2
4
5
6
4
2
9
8
3
6
1
12
1
12
9
1
3
1
8
6
2
1
4
12
8
1
4
1
15
12
18
2
9
1
1
9
5
7
1
7
7
6
11
9
8
2
7
13
13
4
20
6
1
3
1
2
3
2
2
4
3
19
4
1
25
1
11
14
2
3
25
8
22
34
13
1
3
2
9
5
5
15
7
31
1
14
4
2
2
22
2
5
8
2
14
8
20
7
1
3
4
6
1
2
16
2
1
15
1
4
1
4
2
1
1
1
1
1
4
27
23
2
5
1
3
14
20
32
11
2
16
15
4
1
2
3
1
3
3
2
2
4
8
1
28
9
4
10
6
16
10
20
18
17
2
5
13
13
18
21
1
1
1
4
30
23
16
1
1
2
1
1
24
2
2
12
6
9
18
1
12
11
3
3
5
12
4
3
35
4
18
11
6
12
38
10
10
10
10
4
5
2
6
6
7
38
7
5
29
15
3
5
3
2
7
2
2
2
3
4
3
1
8
10
10
7
1
5
1
2
1
4
13
17
2
27
7
8
6
8
1
3
4
5
26
13
8
13
13
4
10
3
5
3
1
3
1
3
1
3
1
3
4
3
1
1
4
2
2
1
1
2
4
19
9
10
2
12
8
11
51
5
2
5
4
7
4
5
1
8
3
5
4
12
5
2
9
1
5
52
4
2
1
2
7
9
6
5
11
1
2
5
1
4
1
6
7
1
12
2
4
7
15
3
1
2
9
6
1
4
13
3
3
2
2
3
1
3
10
1
5
4
5
9
