1
1
2
1
2
2
21
2
1
1
1
4
1
2
1
3
2
2
5
2
4
3
1
1
3
1
11
13
3
3
6
5
9
1
4
2
8
4
4
6
1
2
1
10
3
6
1
5
1
3
3
1
1
10
1
2
1
6
2
1
1
12
11
2
15
7
8
9
2
3
1
3
5
9
2
2
7
1
2
1
7
9
1
1
3
1
3
11
2
3
3
6
8
1
14
2
2
7
2
1
6
6
7
1
2
7
1
5
1
3
10
3
1
4
3
1
31
6
2
1
7
3
4
4
13
3
1
9
6
3
3
1
1
3
6
15
1
7
7
1
5
4
1
3
1
3
1
1
5
3
1
4
2
6
13
7
13
7
5
31
1
1
3
4
6
5
1
1
1
2
9
1
3
1
2
3
3
1
1
1
15
2
1
2
2
5
3
4
1
5
4
3
1
4
4
5
4
4
3
1
1
1
1
3
10
6
1
5
1
1
1
2
3
1
5
1
1
2
2
1
1
1
4
8
3
3
10
3
2
1
1
3
1
2
1
1
1
3
1
1
1
1
1
27
3
1
4
13
2
1
1
2
1
2
2
1
1
3
1
2
5
48
21
32
1
3
1
2
4
3
1
1
2
1
1
1
2
2
2
3
1
1
1
1
1
1
3
1
3
2
1
2
1
6
2
1
2
1
10
1
4
2
2
3
1
1
1
4
1
1
1
2
2
1
2
1
1
2
2
1
1
2
2
3
2
1
9
1
2
1
1
2
1
1
2
2
1
6
8
1
2
4
2
1
4
6
1
2
2
2
1
2
9
1
1
11
1
1
2
2
8
2
6
6
1
1
1
2
2
7
4
6
1
1
4
2
3
8
1
9
1
2
2
1
1
6
1
3
1
1
12
4
2
1
1
1
5
2
5
4
1
2
1
3
1
5
3
13
2
9
9
2
1
17
4
3
17
1
3
9
2
2
17
4
6
3
6
1
7
6
2
9
1
1
9
3
1
1
1
2
2
11
1
3
2
1
1
1
2
2
1
1
4
2
1
3
1
2
2
1
2
1
1
2
2
1
15
9
3
3
5
1
5
3
5
1
3
4
1
1
1
1
1
3
3
1
1
1
4
1
1
1
4
1
4
3
1
1
1
2
2
1
1
4
1
2
1
1
3
18
1
2
9
1
4
7
3
2
3
1
1
3
1
3
8
4
5
2
2
8
1
2
2
6
4
5
8
5
6
1
1
16
5
2
2
5
1
1
4
4
6
25
38
1
2
12
2
6
1
2
1
4
1
1
5
12
25
7
1
4
5
8
5
7
3
1
1
2
1
2
1
2
1
3
1
1
13
2
1
5
1
1
1
1
2
5
11
1
3
1
1
1
1
5
6
9
4
3
7
5
4
2
3
1
1
3
3
1
1
1
3
1
2
1
1
1
2
3
2
1
6
1
1
1
1
1
2
3
1
6
1
2
5
1
1
2
1
1
3
2
3
1
1
1
1
13
1
1
2
1
4
1
1
1
4
5
2
3
1
1
1
1
1
12
2
2
3
9
1
1
4
7
3
9
3
15
1
3
5
1
1
1
9
3
3
13
8
7
2
13
3
8
2
1
1
3
1
1
8
4
2
5
2
9
5
8
17
1
2
4
1
1
1
1
3
2
2
13
10
1
1
4
1
9
2
3
16
18
2
1
8
1
1
1
4
2
10
2
1
1
1
4
2
1
2
8
1
2
3
3
2
2
5
4
1
2
2
1
1
7
3
3
2
2
2
2
1
1
1
1
3
6
4
2
1
1
3
2
1
25
2
12
1
7
8
6
9
6
2
13
4
7
1
9
10
2
7
2
1
3
2
1
4
5
1
1
1
5
24
22
14
1
4
1
3
8
28
11
2
5
97
15
7
19
1
2
1
3
7
3
2
6
5
1
2
1
2
1
1
2
2
3
1
1
3
1
1
1
1
8
1
2
1
1
2
1
1
1
4
3
3
2
2
8
2
12
12
3
4
1
5
92
10
9
2
1
6
29
43
42
8
22
3
2
3
4
4
2
2
3
4
1
4
2
19
1
8
17
1
6
1
1
5
29
6
3
10
4
11
2
1
2
2
2
15
2
2
3
1
8
2
1
2
2
4
1
1
2
1
1
1
1
1
2
2
2
3
19
28
13
4
19
28
8
2
1
5
1
1
8
1
3
1
3
3
2
1
8
4
3
7
1
3
1
1
2
10
12
2
8
3
8
2
1
2
1
1
3
12
4
1
7
17
3
5
25
14
5
2
6
3
3
11
2
10
1
1
2
2
6
1
4
1
9
1
16
5
2
2
1
6
5
2
2
4
6
1
4
2
1
4
1
2
4
3
1
3
1
3
1
10
3
4
4
1
1
1
1
4
3
1
2
1
3
1
3
3
5
1
3
8
1
3
1
5
3
7
3
3
2
1
8
4
3
1
2
2
1
5
1
2
2
1
1
1
1
3
1
2
1
2
1
5
2
5
2
2
1
6
3
1
1
4
1
1
4
9
1
3
1
5
1
3
2
3
5
1
1
13
1
3
20
9
1
6
1
1
3
1
10
3
2
1
2
2
1
2
2
5
7
3
1
1
7
29
15
3
10
6
1
3
1
5
9
5
6
6
1
1
5
7
1
5
6
3
1
1
1
6
2
7
7
3
3
16
2
3
5
5
2
1
1
4
1
2
1
2
3
2
5
4
2
3
7
5
1
9
2
2
9
5
4
7
5
2
4
1
10
14
3
10
6
12
3
4
9
2
2
7
1
3
1
3
4
3
1
12
17
6
11
7
1
1
1
3
3
1
4
1
2
1
2
3
19
7
12
4
3
5
7
11
5
1
6
3
1
1
4
5
1
1
4
4
51
11
5
3
1
2
5
29
1
2
1
1
4
1
3
1
7
1
2
2
16
6
14
1
3
5
4
5
6
2
2
1
2
3
3
68
2
7
3
15
4
3
4
6
1
3
1
1
1
6
2
2
2
1
3
3
1
1
2
3
2
2
2
4
1
2
3
1
6
1
3
2
2
2
16
3
4
2
2
5
1
5
3
2
13
6
2
3
1
1
5
1
3
9
2
5
1
4
5
1
2
3
9
1
1
1
1
1
8
3
3
1
1
5
1
1
1
2
1
4
1
9
3
2
8
1
4
3
2
3
2
1
4
1
3
1
2
1
1
1
5
1
5
3
2
4
4
1
1
1
1
1
7
5
1
2
3
2
3
1
1
1
2
5
1
1
2
1
1
1
2
1
1
1
7
2
1
3
3
1
2
4
2
1
1
7
2
2
2
4
1
1
2
2
3
3
1
1
2
14
2
1
4
2
1
1
3
4
2
1
1
1
2
1
6
3
3
2
4
11
1
1
1
5
2
9
2
1
1
2
1
5
1
3
2
2
1
4
2
1
2
1
6
1
10
23
14
6
36
1
3
7
1
1
1
2
2
1
2
2
1
1
2
3
2
2
6
1
2
1
1
2
6
2
2
1
6
2
1
1
3
3
1
2
11
1
4
2
1
1
1
2
1
1
1
1
1
1
9
25
71
1
28
21
2
3
2
1
14
9
7
1
1
2
2
1
2
10
2
1
5
5
6
2
2
1
2
2
1
2
6
1
5
4
1
1
1
1
1
1
5
1
1
4
1
1
3
1
1
1
1
3
7
2
12
14
9
4
2
13
5
2
2
1
15
2
3
9
7
55
3
8
1
1
1
1
3
10
1
1
1
3
1
3
1
1
1
1
2
2
3
1
3
2
1
1
11
7
20
10
3
5
9
14
1
1
5
1
1
1
2
30
2
1
1
1
1
2
2
2
6
3
2
3
2
3
1
8
1
1
3
10
2
5
3
4
11
1
14
3
2
1
1
9
1
8
2
9
6
38
2
37
9
28
1
14
16
3
1
2
1
2
2
3
5
3
1
1
1
3
1
2
2
2
1
2
4
4
3
1
2
4
1
1
1
1
2
2
10
1
1
2
3
5
3
3
1
5
1
1
3
9
1
1
4
6
6
5
7
46
11
1
2
1
3
1
1
1
5
4
2
2
1
2
1
2
2
7
6
2
1
1
1
1
8
5
3
2
1
2
2
1
1
7
1
3
4
1
1
4
2
1
2
1
1
1
2
1
1
1
2
1
1
6
1
2
3
2
1
1
4
5
4
1
4
2
3
1
1
5
5
5
5
2
2
1
1
2
2
3
2
1
2
1
1
1
1
1
1
1
1
1
1
1
2
1
1
2
2
1
1
1
2
3
1
1
2
2
7
1
2
3
3
1
1
2
1
2
2
1
2
4
1
1
2
1
2
2
2
1
1
4
1
2
1
1
2
1
2
1
1
1
2
2
1
2
2
1
5
2
2
3
1
5
4
1
4
1
2
2
1
5
1
1
1
1
4
2
4
5
1
1
1
1
3
1
1
1
3
3
1
2
1
5
3
3
1
1
1
2
2
1
1
1
1
1
2
2
3
6
2
2
1
3
1
4
1
1
2
2
12
3
2
6
1
2
1
1
1
1
1
1
1
4
1
2
1
1
1
2
1
1
2
8
9
1
3
1
3
2
1
1
1
4
4
3
2
1
1
1
1
2
1
6
1
1
1
1
1
1
1
2
2
2
1
1
1
2
1
1
2
1
1
3
2
1
1
1
1
4
2
1
3
3
4
3
1
1
1
3
3
2
1
1
1
