2
1
1
8
1
4
2
9
16
9
4
1
1
6
6
10
1
10
8
19
27
2
12
4
45
2
2
1
1
4
5
3
3
3
16
6
5
3
12
1
2
6
1
2
1
1
2
1
1
3
3
2
2
3
4
2
4
1
4
3
3
1
3
5
4
3
4
4
3
5
4
9
3
5
1
5
2
1
1
4
2
3
8
4
3
3
2
1
3
8
2
9
1
3
2
2
3
2
6
1
2
2
4
2
2
8
2
1
2
1
6
4
1
1
2
3
1
2
3
1
1
1
3
1
1
1
3
2
4
6
2
2
1
3
5
2
8
3
9
2
3
4
3
2
2
1
2
8
8
2
5
6
2
17
2
10
15
11
5
3
3
11
1
10
1
7
53
20
4
8
5
2
6
6
3
3
2
1
2
3
12
2
16
5
1
2
2
1
4
3
6
4
1
2
1
14
2
3
1
2
1
2
1
1
4
3
2
3
1
4
8
4
2
1
12
18
12
4
4
6
1
5
2
2
3
8
8
1
2
4
2
1
1
1
2
2
1
2
2
1
2
4
2
7
1
18
10
1
3
4
8
4
3
5
2
8
1
1
4
2
1
2
3
4
1
2
7
3
1
1
1
17
1
3
2
1
1
1
7
5
9
1
1
3
2
4
2
2
50
9
1
2
10
2
7
1
14
7
20
1
9
12
5
5
3
7
10
1
6
8
6
18
17
5
10
1
11
11
22
5
3
6
9
4
1
1
4
2
4
2
8
8
8
18
4
13
24
2
2
1
8
5
1
9
18
3
15
9
7
13
2
10
6
23
5
1
1
8
1
14
21
1
12
8
12
19
2
8
7
3
10
6
1
11
4
25
2
24
1
1
35
27
2
1
1
6
2
1
7
1
8
9
34
35
3
160
1
7
65
61
2
3
6
16
2
2
12
2
2
3
1
1
5
3
1
4
1
1
2
1
89
7
11
35
49
2
21
1
156
7
43
12
1
13
7
9
1
2
1
12
31
22
21
42
9
2
2
1
29
81
4
1
1
3
2
2
3
5
1
1
15
1
1
1
1
2
12
1
4
45
5
1
1
1
1
2
1
7
3
2
1
26
250
17
45
14
7
4
2
13
1
8
3
1
1
6
3
3
3
3
3
10
9
1
12
4
13
3
3
22
2
1
3
2
8
4
8
12
2
19
15
4
3
1
10
1
1
3
1
2
1
2
1
1
9
7
8
18
16
5
8
64
20
11
19
3
11
9
16
11
38
3
4
3
6
9
1
15
24
4
1
16
13
40
18
7
10
4
1
4
16
8
20
14
10
8
6
2
1
9
55
12
16
1
7
1
2
7
1
8
9
3
7
15
1
1
1
1
1
1
6
5
4
15
21
2
2
7
3
16
19
22
6
2
17
1
1
8
1
3
1
21
7
1
6
13
12
5
3
23
3
2
3
4
3
4
6
24
15
23
10
3
20
6
2
2
2
10
16
4
2
2
6
8
45
4
5
53
2
1
1
1
10
4
1
5
2
1
2
1
1
2
1
2
1
3
3
3
1
3
1
1
2
2
1
1
1
1
1
1
1
2
1
1
1
1
1
1
5
1
12
11
5
3
2
4
1
2
1
1
10
1
4
1
1
1
3
2
7
2
3
1
1
4
1
2
6
6
1
3
10
12
2
1
10
3
3
4
2
1
6
4
1
1
2
3
2
1
5
1
1
1
4
1
6
1
2
1
1
1
1
5
1
9
8
12
5
7
8
3
2
13
9
3
4
16
7
4
1
2
1
1
2
6
3
3
3
9
1
1
2
3
3
1
3
4
8
4
2
1
1
6
3
9
7
2
2
2
17
4
1
8
3
8
4
4
14
25
16
4
1
1
1
3
15
9
5
2
21
17
4
26
1
2
6
12
1
9
29
2
2
1
10
15
15
13
2
21
1
1
13
3
14
11
10
29
5
14
26
6
4
3
3
7
6
5
23
1
3
3
2
5
3
2
2
5
11
4
15
13
14
7
2
12
1
11
2
3
23
2
16
10
34
6
20
3
10
15
28
11
7
9
1
3
1
1
4
2
16
1
6
4
7
13
28
11
14
5
3
3
4
33
2
7
8
13
2
1
19
9
5
1
2
17
7
14
17
19
8
2
2
17
5
12
44
1
2
11
5
10
6
5
10
2
18
27
21
3
1
2
14
2
2
5
9
2
1
12
8
38
7
1
1
14
10
12
4
45
2
12
1
7
3
1
2
13
3
2
5
2
1
1
5
8
1
1
7
2
4
1
4
9
4
5
2
13
1
10
1
1
18
2
9
3
2
2
7
4
16
2
16
21
1
4
14
3
9
5
1
2
1
8
1
6
6
1
2
5
10
1
5
9
3
2
2
7
9
4
2
2
6
8
1
1
1
2
3
3
1
1
1
2
2
4
2
2
1
2
13
1
24
8
2
24
2
1
8
3
2
1
5
5
4
3
6
7
2
7
4
2
1
1
1
3
5
1
3
16
9
12
7
4
4
1
3
6
3
16
1
2
4
2
1
3
7
3
4
4
6
3
2
6
2
1
5
3
4
3
3
1
1
6
29
2
2
6
21
5
8
2
1
1
6
1
2
1
3
1
8
1
8
2
2
1
2
5
6
2
2
6
1
1
2
3
2
4
27
4
4
1
6
2
2
2
3
9
11
4
7
4
1
1
1
3
1
1
5
