4
3
10
2
4
1
1
1
7
33
7
37
10
36
5
3
1
30
23
16
4
1
3
2
2
9
4
27
2
39
25
2
2
1
17
3
2
10
30
1
235
4
5
93
83
1
87
1
1
18
5
927
28
36
11
269
61
38
16
3
4
2
4
393
183
22
17
7
30
85
31
64
12
8
1
18
89
33
91
16
1
1
12
3
7
42
3
24
87
8
1
5
4
3
5
31
21
24
4
14
5
38
20
30
43
4
1
2
1
6
11
1
1
2
2
2
2
1
1
1
1
1
1
10
89
19
59
160
36
1
1
26
11
4
35
28
1
2
27
3
2
9
71
39
22
67
1
27
13
77
4
3
2
5
20
43
3
30
17
6
3
51
22
94
18
1
3
16
4
7
6
2
4
1
5
1
5
2
8
3
5
4
1
1
5
2
9
8
5
26
8
4
1
2
4
2
28
5
2
5
5
14
2
23
16
6
1
1
16
4
15
9
2
3
1
1
9
3
9
6
4
10
9
6
9
9
1
7
1
13
4
6
6
7
1
15
8
10
2
1
5
6
15
7
3
15
1
5
9
1
6
2
1
1
7
2
1
15
8
2
3
11
6
8
5
7
29
14
3
10
7
3
14
4
18
5
15
4
17
5
2
1
22
9
11
4
8
1
1
3
3
1
5
5
1
2
7
2
3
2
1
1
2
5
26
4
22
8
7
7
16
21
10
14
12
26
55
9
2
13
2
1
8
17
2
82
70
10
10
43
18
69
31
69
41
5
6
17
24
3
20
33
3
4
2
4
1
6
14
5
1
42
5
7
7
14
12
1
5
11
14
7
1
1
1
1
28
11
19
6
11
1
1
1
1
12
13
4
2
14
5
2
20
15
3
11
7
54
42
15
7
1
7
2
2
2
1
1
8
5
16
6
4
6
1
1
1
3
2
2
8
1
2
8
17
12
1
9
1
2
5
9
1
3
11
2
1
5
1
3
1
11
2
1
4
1
2
3
10
9
15
2
1
23
12
1
6
5
1
19
8
4
2
20
21
25
5
4
19
26
20
7
1
28
5
17
3
8
3
42
25
15
33
16
15
25
17
52
1
4
1
9
10
13
10
3
2
8
10
57
18
33
53
29
1
3
6
8
15
6
8
1
6
8
36
3
18
1
7
21
1
1
1
2
2
17
12
21
23
11
14
4
1
1
8
7
31
12
7
9
6
18
5
15
2
4
49
1
34
1
