18
2
2
31
18
13
4
6
1
3
8
4
4
12
5
6
9
69
111
7
1
4
33
1
1
1
1
3
5
3
24
10
8
1
4
1
3
14
12
1
8
1
74
1
9
11
8
2
32
6
2
3
30
18
5
7
2
1
48
29
1
36
105
6
1
6
1
2
1
1
5
5
2
13
23
28
17
7
9
2
3
1
5
1
2
5
2
7
3
2
4
6
1
2
1
2
1
1
1
2
3
2
1
3
1
3
2
2
1
1
2
1
2
1
1
2
6
1
1
1
3
1
2
1
8
5
1
1
1
6
2
5
5
1
1
3
11
3
10
3
8
3
4
1
1
24
1
14
1
2
5
8
1
9
45
1
16
2
5
1
2
3
1
10
14
1
1
1
3
2
3
1
3
3
1
1
1
1
2
4
1
1
1
2
1
2
1
1
1
2
1
1
4
1
1
1
1
2
1
3
2
5
2
6
7
1
5
26
2
1
1
1
9
1
1
2
1
1
2
1
1
1
10
1
14
2
5
5
3
21
1
1
3
1
1
1
1
2
1
1
2
1
2
3
2
1
2
1
6
8
3
7
14
1
2
1
3
4
1
17
9
10
2
1
1
1
1
1
7
1
1
1
2
1
2
1
1
1
2
2
4
4
35
1
1
4
11
13
2
3
2
12
7
4
5
5
13
1
1
6
5
3
29
7
5
2
10
32
29
20
48
35
19
1
2
3
1
6
5
1
1
3
3
1
4
1
1
3
2
2
3
9
1
11
2
5
1
1
1
3
12
12
1
4
1
9
3
3
1
1
1
1
3
1
1
1
2
1
2
23
3
7
14
3
6
6
11
2
2
7
1
2
9
16
2
1
4
1
4
1
1
1
4
21
3
1
2
1
1
8
3
1
2
4
1
2
1
2
1
1
3
2
2
2
2
1
3
1
2
1
1
1
2
1
1
1
3
1
2
1
6
1
1
1
3
3
2
7
8
9
1
2
7
2
3
2
1
3
1
1
1
4
3
2
2
2
2
1
1
2
3
3
2
1
1
1
2
1
1
5
4
2
10
1
8
8
1
3
1
1
2
2
1
1
1
2
1
1
1
2
3
1
5
2
1
1
2
1
1
1
2
1
2
4
1
3
3
47
4
2
1
3
1
31
10
5
19
2
11
1
2
2
4
5
4
2
2
2
1
1
2
2
35
3
1
1
1
4
8
4
4
4
2
1
1
7
1
3
9
3
3
3
2
19
2
4
1
1
2
1
4
1
1
1
2
1
2
1
1
1
1
1
1
7
1
5
3
1
9
1
8
9
10
8
1
12
8
1
1
13
1
22
1
5
5
3
10
1
1
1
1
3
1
1
1
1
1
2
1
1
1
1
1
1
2
1
5
3
1
1
1
1
72
3
4
6
2
4
1
7
7
1
1
1
1
12
2
2
1
1
1
1
3
1
1
1
1
8
2
3
2
2
1
2
2
2
1
1
2
3
55
1
1
1
2
12
3
4
9
2
4
2
1
2
3
2
2
7
2
3
1
1
3
5
1
16
1
1
2
1
4
6
9
2
16
1
14
3
1
1
3
2
8
1
14
1
1
1
1
1
3
7
3
1
1
7
8
2
2
8
2
3
9
14
13
8
3
9
3
1
1
6
2
1
18
8
6
16
9
25
3
2
2
3
11
10
4
4
3
4
1
6
1
3
1
23
6
1
11
1
5
8
3
1
2
1
1
4
2
2
1
3
4
2
2
1
11
7
2
9
1
2
2
10
2
2
5
4
1
3
8
1
15
2
1
1
2
1
7
1
1
3
13
12
13
12
3
3
2
13
1
10
12
2
2
6
1
6
2
1
7
1
1
1
13
2
1
21
4
1
18
6
2
4
1
1
1
1
10
1
1
2
5
4
3
2
5
1
2
7
5
1
1
2
1
2
1
2
3
1
2
3
2
1
1
9
1
1
6
4
6
1
3
6
3
7
3
3
2
2
6
2
2
2
1
1
1
1
3
2
5
13
7
1
4
6
10
3
6
17
2
6
5
1
1
4
3
5
2
2
3
3
1
3
2
1
2
1
2
1
1
1
1
1
1
1
1
1
1
1
1
1
1
2
2
2
2
7
2
6
2
1
1
1
1
1
3
2
1
1
2
3
3
1
2
1
1
1
1
1
1
2
1
1
1
1
1
1
2
1
1
1
6
12
7
14
23
2
1
2
1
14
2
2
4
2
20
1
1
1
44
10
5
2
5
5
19
4
26
14
2
4
6
2
9
6
2
2
4
1
3
2
1
2
1
3
3
2
4
7
1
12
1
2
1
1
20
6
7
6
6
8
2
1
1
2
3
13
1
2
1
13
16
1
2
4
1
24
2
4
1
2
8
1
4
1
4
13
2
14
1
5
3
2
7
2
3
1
4
12
10
2
6
7
10
7
6
6
13
8
9
14
4
9
34
1
4
3
8
4
4
52
10
21
6
3
18
7
3
11
1
1
30
16
11
1
14
14
18
3
7
11
14
13
1
2
1
8
11
25
2
7
1
6
2
5
11
1
2
3
2
1
9
10
12
10
5
8
20
1
8
1
1
12
1
1
1
1
1
5
20
3
7
6
16
1
30
3
1
1
20
1
16
3
5
16
8
1
4
8
2
4
2
13
5
3
2
13
9
7
14
13
2
7
15
11
2
1
1
11
5
1
14
1
6
9
1
1
4
2
1
1
2
1
1
1
3
1
2
6
2
3
3
1
1
1
5
9
29
1
10
1
3
1
1
2
14
1
7
23
14
7
1
16
2
5
5
8
8
3
1
4
1
7
9
3
5
14
27
1
4
1
2
3
2
2
1
6
7
3
17
1
4
2
1
4
4
19
3
15
1
2
6
7
2
1
5
8
5
7
7
3
26
14
1
19
9
5
3
8
8
22
6
14
16
4
22
1
3
2
12
6
15
29
1
1
4
3
21
12
1
11
5
1
4
3
5
1
2
1
12
8
6
1
1
5
9
31
5
3
3
3
1
10
1
1
1
22
3
1
8
34
15
5
76
4
11
5
2
5
2
1
2
5
9
7
3
22
5
7
6
6
5
1
26
4
10
56
26
11
34
7
7
6
4
2
10
43
2
7
3
14
11
1
5
2
9
16
6
5
14
14
3
16
7
1
4
4
3
1
6
5
4
4
1
1
2
1
1
13
2
1
10
2
6
3
1
4
2
13
8
1
1
3
1
1
1
3
3
1
13
10
19
4
16
6
2
12
4
2
8
6
6
8
19
17
2
8
10
1
14
7
7
5
6
1
4
8
2
1
7
5
6
5
2
2
4
9
5
25
7
17
5
13
19
7
3
6
5
4
4
18
2
30
6
6
15
17
5
21
3
8
1
7
1
10
13
2
1
13
2
5
20
8
17
15
40
14
13
5
17
2
12
