1
1
1
4
48
9
5
51
9
42
2
1
2
1
2
2
2
1
27
5
20
7
7
42
47
3
9
2
1
15
7
3
2
16
623
127
91
295
1
3
3
2
1
13
3
1
1
1
1
2
2
4
2
10
8
1
1
2
1
12
2
1
4
63
8
26
7
17
175
42
25
69
56
1
1
2
1
3
4
1
2
2
2
2
6
2
2
5
6
2
5
2
1
1
1
2
49
20
16
6
22
30
2
24
5
1
6
34
29
4
6
4
47
47
17
1
3
1
12
3
1
1
2
3
1
2
1
55
42
47
19
14
36
10
8
42
28
1
1
1
2
2
4
1
1
1
1
1
1
4
1
1
2
4
1
1
2
4
2
21
11
17
1
1
2
1
1
1
3
1
4
1
3
2
1
1
1
1
1
4
2
7
2
1
2
3
2
1
1
2
1
2
2
2
1
1
4
1
2
4
2
1
3
3
2
3
1
1
2
2
1
4
3
1
2
2
1
2
4
1
1
123
1
41
3
1
2
1
2
1
2
1
1
1
1
15
1
7
4
2
1
1
2
1
1
1
4
4
2
2
3
2
1
2
1
1
7
1
1
6
1
1
1
1
1
1
2
2
2
3
1
3
2
3
1
1
1
2
2
8
10
2
1
35
102
25
11
2
7
1
5
7
11
6
5
8
1
1
5
33
8
2
3
1
1
1
1
1
1
1
1
1
1
3
26
3
34
18
5
2
3
31
58
60
1
1
2
16
7
15
44
1
1
1
1
1
2
1
18
5
19
1
1
1
1
4
4
11
41
127
10
5
2
24
1
2
2
2
2
1
2
1
69
1
6
10
37
2
1
1
1
1
1
1
1
1
1
1
2
8
360
14
3
2
7
4
1
1
1
2
5
4
3
2
9
2
5
14
4
3
7
1
1
1
1
1
1
2
2
4
4
9
1
2
4
3
2
1
2
4
1
1
1
1
5
2
3
3
3
1
2
1
1
1
3
1
3
2
2
6
1
1
1
1
1
2
1
1
3
1
1
35
12
9
8
1
22
1
1
4
16
48
6
15
1
1
2
2
3
3
1
1
5
10
3
1
1
2
1
3
1
1
1
4
1
1
1
9
1
1
1
1
2
1
1
1
1
1
1
4
5
2
5
4
1
4
3
1
2
1
2
1
1
1
1
3
1
2
3
3
3
4
7
1
1
1
3
2
7
3
3
2
4
1
1
1
1
3
2
1
4
1
1
3
2
6
1
2
1
10
1
2
1
3
16
1
7
1
5
1
1
1
2
2
2
1
3
4
1
1
3
1
2
2
7
1
1
1
2
2
3
1
2
2
5
1
1
9
6
9
3
3
14
2
13
10
2
1
1
4
1
1
4
2
4
1
1
1
1
4
3
1
5
2
1
2
2
1
1
8
1
1
1
1
3
2
1
5
1
1
3
4
3
2
3
9
4
1
4
1
3
7
1
2
1
6
2
2
1
1
1
1
3
1
1
1
1
1
3
1
1
11
5
2
3
28
8
12
8
53
80
43
938
62
74
2
1
1
4
1
1
4
5
3
4
4
4
1
1
1
1
1
4
1
3
40
27
4
42
27
8
9
1
2
21
2
1
1
110
6
5
6
3
1
2
1
2
3
6
2
2
4
1
1
3
2
2
1
1
3
5
5
5
86
1
169
6
7
2
3
1
3
1
1
1
170
2
1
9
44
7
18
44
155
26
75
9
1
1
1
1
1
1
1
2
2
2
1
1
3
1
1
1
2
1
2
2
1
3
1
1
2
1
2
1
1
1
1
2
2
1
1
1
1
2
2
2
1
2
2
2
2
1
3
1
1
20
5
1
1
33
12
1
5
1
2
2
1
3
2
6
6
3
1
15
23
4
5
5
2
4
1
1
2
1
3
1
2
3
1
1
1
1
1
1
1
1
1
1
3
1
1
