1
1
1
8
9
46
1
14
2
2
9
30
17
1
4
4
4
4
1
11
6
15
16
3
1
20
15
2
2
23
8
1
17
3
1
7
5
1
11
1
1
4
3
7
1
30
3
3
4
14
8
6
1
9
34
4
9
23
10
25
1
1
15
1
8
3
1
13
11
3
2
11
2
2
1
1
4
27
26
1
12
1
7
7
6
6
1
3
6
1
6
3
1
1
1
2
1
2
1
1
1
1
2
2
2
1
1
5
1
1
1
1
2
1
1
7
4
1
2
2
1
1
6
2
2
3
3
2
1
1
4
10
1
9
3
1
1
1
1
1
1
2
2
1
1
2
7
2
6
8
3
1
3
1
3
1
1
1
1
1
1
4
1
1
1
1
3
1
1
1
5
1
1
1
4
1
5
1
2
1
1
1
1
1
1
1
4
1
1
2
1
1
1
3
1
4
15
6
1
3
1
1
7
1
5
1
1
3
6
1
1
1
5
1
2
2
3
5
3
1
2
1
1
1
2
3
4
1
1
10
1
8
1
3
5
3
3
2
1
4
1
1
1
6
1
1
1
2
1
2
2
1
2
2
9
1
1
7
1
1
18
3
2
1
1
1
1
1
2
2
1
2
2
6
2
4
5
2
1
16
4
19
4
1
7
4
10
25
9
6
1
12
1
1
4
30
1
4
2
1
2
1
1
4
7
4
7
20
5
37
5
12
8
2
36
1
9
6
4
7
14
5
12
2
2
19
9
5
4
3
2
6
5
4
4
5
1
18
10
28
2
3
4
1
2
5
1
18
4
46
4
8
1
23
2
2
13
4
3
3
4
28
29
1
1
2
6
2
1
1
16
58
4
1
1
13
3
108
17
9
3
26
13
1
1
1
1
2
1
1
1
8
1
1
1
1
1
1
7
1
2
11
3
19
1
2
2
24
9
9
2
8
1
7
1
26
12
6
27
1
2
24
13
1
3
27
4
4
11
14
3
2
8
5
1
9
17
4
1
23
3
12
42
8
14
1
11
1
2
1
1
1
1
5
1
21
9
1
1
5
15
10
7
3
7
18
18
12
20
7
8
16
2
3
6
7
5
4
3
5
1
13
19
3
1
6
7
4
2
3
11
6
3
12
45
26
9
1
4
1
3
1
3
1
1
1
6
5
2
2
1
5
4
3
2
6
9
17
11
6
6
6
3
4
3
1
3
8
15
12
3
11
3
5
10
6
2
13
1
2
40
1
8
5
3
1
1
92
1
2
5
7
3
6
4
15
5
5
26
36
7
1
4
1
2
25
13
13
8
3
8
1
3
3
1
2
1
1
6
1
2
2
1
1
1
1
3
1
2
1
2
2
1
1
1
1
1
1
1
1
1
1
1
1
1
1
2
10
6
2
4
1
1
1
2
1
1
5
10
1
1
1
10
2
1
1
10
3
1
1
5
16
14
1
2
1
1
2
2
5
4
1
3
2
1
1
2
2
1
5
1
1
3
1
1
4
2
1
5
1
2
1
1
3
1
5
2
2
1
9
1
2
1
1
1
2
3
1
1
1
2
2
3
3
1
1
1
1
6
3
1
1
1
4
1
2
6
1
2
2
1
1
2
2
3
6
2
1
1
1
2
1
1
1
8
2
3
1
1
1
13
2
19
3
37
1
2
2
1
3
1
1
6
2
1
3
1
2
1
1
2
1
2
1
1
1
1
2
1
1
1
2
1
1
1
1
3
1
1
3
1
1
2
1
1
1
2
1
1
1
1
2
3
3
1
1
1
7
1
2
1
2
1
5
2
1
1
1
1
4
2
1
1
1
1
3
1
1
1
2
7
1
1
1
3
3
1
3
2
8
8
1
11
11
1
2
1
1
1
4
1
1
3
1
2
2
3
1
1
3
5
1
3
1
1
1
1
2
5
2
1
2
4
1
1
2
1
2
1
1
1
1
2
1
2
2
3
1
9
2
8
2
1
2
1
2
1
1
3
1
4
1
1
1
2
2
2
4
1
7
9
10
5
4
3
5
1
1
1
1
1
2
1
1
2
1
1
1
2
1
2
1
13
15
3
11
1
2
2
19
1
24
3
10
2
2
33
1
18
2
30
9
3
8
48
29
18
2
5
2
1
4
26
14
2
14
2
2
2
12
6
14
2
4
15
2
16
40
7
2
3
3
3
1
2
1
1
1
2
3
2
1
1
3
1
1
1
4
2
1
4
3
1
3
1
7
2
5
2
7
1
1
8
1
2
3
2
2
1
2
2
1
1
2
1
2
9
3
1
2
4
2
3
1
9
1
1
2
3
11
1
2
6
1
1
1
3
1
3
1
1
4
2
6
1
1
1
2
2
2
1
1
1
2
2
1
2
1
1
6
3
3
1
1
1
3
1
1
1
1
6
5
1
1
1
4
3
2
1
1
1
1
5
8
3
2
1
1
1
3
3
1
3
2
1
1
1
2
1
3
1
1
1
1
2
1
1
1
2
2
1
2
2
1
2
2
2
9
3
1
1
1
1
1
2
3
2
1
3
1
1
1
2
2
3
1
3
1
2
2
1
1
2
16
5
2
1
2
1
4
10
6
1
2
2
3
1
1
1
1
4
1
4
2
12
2
2
1
2
1
1
3
3
1
2
1
1
10
1
8
5
2
2
2
2
2
2
2
1
1
6
3
1
7
1
3
1
5
1
1
7
1
1
1
11
8
1
1
1
2
1
4
4
3
1
1
11
5
3
4
1
3
3
1
1
3
3
1
2
1
1
3
4
1
1
1
1
1
1
2
2
3
4
1
2
3
2
4
3
15
2
3
1
1
1
1
3
6
1
1
1
8
2
4
5
1
3
1
4
1
4
3
1
1
1
3
2
1
1
21
2
1
4
8
16
9
1
1
3
35
44
1
9
9
2
12
1
3
1
5
1
2
1
2
2
1
1
1
2
1
1
2
9
1
1
1
1
2
1
4
1
1
1
1
1
1
3
1
1
1
1
3
2
1
2
4
2
2
10
1
7
12
15
1
7
5
41
21
1
1
26
12
11
2
1
1
5
1
2
1
1
1
1
2
4
3
2
1
1
1
6
1
3
1
1
12
4
2
2
1
3
1
1
2
8
3
1
4
1
1
13
2
14
1
1
5
1
2
2
8
2
6
2
3
5
4
6
1
1
1
1
1
1
11
1
1
4
3
1
2
2
1
1
6
3
1
3
2
1
3
1
2
1
5
3
3
2
2
2
5
6
2
1
2
7
2
1
7
3
10
10
6
2
1
3
3
1
1
1
1
3
1
2
1
2
1
2
1
6
2
1
3
1
3
2
3
2
2
35
9
2
2
2
7
3
6
1
2
19
10
2
2
2
4
1
1
1
1
4
3
3
6
6
2
9
4
4
2
1
5
1
3
2
3
5
5
5
6
5
1
5
2
1
4
9
15
29
31
22
48
1
3
2
1
2
3
13
5
1
3
1
5
2
3
2
1
2
2
2
3
7
4
3
3
45
3
2
6
4
8
2
3
4
1
1
5
2
2
3
4
5
1
1
4
5
15
9
5
3
11
4
7
2
3
1
6
1
1
3
3
5
1
1
3
5
2
1
2
1
2
3
1
1
2
3
10
6
5
1
5
1
