3
1
9
11
1
4
2
1
1
3
5
1
187
1
4
25
1
2
6
3
85
1
3
3
1
7
2
1
10
6
1
8
3
2
2
2
1
12
2
1
1
17
2
1
1
6
6
16
2
1
1
3
5
36
1
104
16
2
8
28
31
9
37
1
3
7
1
4
2
8
16
118
2
14
13
286
52
8
56
160
22
19
32
25
20
23
98
1
52
48
115
24
114
36
45
44
18
45
7
26
7
50
3
75
7
7
42
59
81
12
12
91
36
9
5
10
61
2
66
137
167
53
115
2
1
1
163
14
38
16
42
10
13
133
52
16
66
4
5
3
21
60
13
9
3
1
49
5
6
27
104
31
1
30
6
27
21
8
15
2
1
205
7
4
3
1
1
36
4
86
14
9
111
1
21
96
15
37
21
1
4
7
4
1
15
1
9
10
4
4
10
1
5
1
2
2
5
8
3
4
10
2
20
11
1
1
2
13
7
10
4
4
21
8
1
12
3
12
2
3
1
1
1
6
22
1
1
10
2
2
1
13
17
4
20
6
9
12
12
20
8
2
3
1
2
2
4
1
1
1
1
15
15
5
20
1
4
28
9
2
1
2
1
5
5
4
21
15
8
3
6
13
2
3
45
4
3
17
13
9
4
1
1
4
2
3
4
11
5
5
2
24
1
7
4
3
1
54
8
1
2
3
49
24
5
3
5
11
6
2
6
3
9
12
31
31
23
22
1
6
3
17
5
42
24
9
5
22
3
8
1
3
2
14
10
2
6
5
4
3
34
4
2
16
10
26
3
25
6
17
14
1
6
7
20
20
8
14
6
8
3
11
5
3
5
26
18
20
2
1
1
4
3
17
16
6
9
32
3
4
3
5
1
9
1
11
1
20
21
1
1
1
14
5
26
10
1
8
4
3
3
5
4
2
2
6
32
2
7
9
1
1
10
14
25
35
11
13
2
31
3
2
2
9
1
1
2
4
1
4
8
2
7
3
3
3
3
6
1
1
8
2
1
1
1
7
2
12
12
3
1
2
4
4
1
4
1
4
4
6
2
1
4
6
1
6
11
6
4
4
3
22
16
1
4
3
1
11
4
1
7
2
1
4
10
8
5
1
7
2
10
3
3
8
1
31
2
7
2
4
30
11
1
8
10
4
2
17
8
10
3
1
1
4
1
1
2
2
16
10
5
3
52
2
45
2
5
5
2
7
1
1
6
10
5
1
35
3
5
1
10
1
7
1
2
5
5
3
2
2
3
2
1
3
2
10
29
5
22
6
2
4
3
4
1
4
6
4
1
1
5
2
1
1
1
5
6
3
1
20
6
4
15
7
1
2
2
4
1
2
2
2
4
1
2
3
19
6
6
1
3
9
4
1
4
2
3
1
1
1
2
1
1
1
1
2
1
1
5
3
4
1
1
2
1
1
3
2
6
1
6
12
4
1
1
2
1
4
3
2
1
3
2
3
6
12
11
12
3
3
4
1
2
4
1
2
2
1
5
1
1
2
4
6
2
1
1
21
1
1
3
1
5
1
1
3
4
3
3
18
