2
3
4
6
3
19
33
7
2
3
29
25
11
7
4
7
14
68
28
3
101
10
6
5
36
15
20
8
4
50
10
3
1
5
3
2
1
1
3
3
1
2
1
1
1
1
1
10
2
4
1
3
2
2
1
2
3
1
3
1
1
3
2
7
1
12
5
68
41
11
44
2
21
1
1
21
16
27
1
10
6
2
1
1
2
4
8
1
1
3
3
2
3
13
4
2
6
3
1
1
2
1
9
6
1
1
2
1
1
1
10
2
1
1
3
4
2
1
1
1
2
1
4
4
2
12
4
2
8
28
83
1
7
1
26
1
5
1
4
2
6
4
1
8
44
116
33
9
30
1
3
1
22
3
17
5
146
13
177
76
339
111
24
19
37
80
7
8
1
10
39
114
75
1
3
3
1
1
1
2
2
10
5
1
89
23
35
7
1
9
48
2
8
86
1
53
152
23
3
62
45
107
7
37
19
99
13
59
56
35
1
1
44
4
1
21
5
53
6
5
94
1
3
18
35
35
11
15
2
1
3
2
1
1
2
3
22
25
21
39
16
10
13
14
72
4
15
2
2
33
7
2
44
3
8
3
8
55
30
2
14
4
41
4
16
6
19
5
50
15
6
5
33
3
2
7
10
1
35
11
1
7
2
14
26
29
57
8
6
3
13
1
71
122
8
3
5
14
8
2
15
4
2
8
272
2
88
54
9
1
2
1
2
17
1
6
25
1
3
2
2
9
135
1
3
1
1
4
4
2
1
2
3
14
7
3
3
4
1
1
3
1
2
2
1
4
1
4
5
5
3
3
1
4
5
2
1
3
3
8
11
5
9
1
2
1
3
3
3
1
1
10
5
8
1
9
1
21
1
48
1
1
40
35
2
9
16
8
48
84
1
10
13
29
3
24
1
9
1
2
2
2
11
4
1
9
16
1
3
2
2
26
5
1
5
16
4
43
36
2
11
91
1
3
1
2
1
41
92
33
4
9
5
19
4
1
5
9
1
1
3
48
8
1
8
16
2
7
1
7
148
13
74
28
3
46
3
53
6
1
1
1
3
4
1
5
2
3
1
6
3
1
4
6
3
9
2
7
4
2
23
4
3
1
1
4
1
8
3
3
3
3
5
35
14
5
92
100
10
2
4
1
28
4
1
36
133
65
115
4
1
3
8
36
12
1
