1
3
3
1
11
13
1
9
17
2
4
2
7
1
1
1
7
2
2
5
1
9
6
3
1
3
1
9
2
2
1
4
1
1
5
10
1
9
1
5
2
9
2
11
3
2
1
6
1
4
7
2
3
6
3
3
7
3
3
1
6
2
1
2
4
2
1
7
1
1
3
3
2
8
2
4
5
5
1
4
2
1
11
2
1
2
3
7
1
2
2
2
8
1
2
1
11
2
1
6
5
3
3
3
4
3
2
1
1
1
3
3
2
3
1
4
5
10
5
2
5
3
1
1
1
1
1
2
1
2
1
1
1
1
2
2
1
2
1
2
1
2
1
1
1
2
4
1
2
4
1
2
2
2
1
17
1
2
2
16
26
1
4
1
2
2
5
16
23
11
17
2
31
3
7
33
7
52
4
3
22
28
84
30
2
3
2
20
3
3
1
2
2
1
1
1
18
1
4
1
18
4
4
14
4
6
1
5
8
4
1
1
1
3
6
1
7
3
3
1
1
1
2
2
3
2
2
1
14
3
4
2
1
1
2
3
1
5
1
2
3
1
2
2
3
5
5
3
2
3
2
2
3
1
1
1
1
1
4
1
2
10
5
1
13
4
1
2
6
1
6
3
1
1
1
6
2
11
1
10
30
3
7
14
1
4
2
7
3
2
3
9
6
9
1
1
6
5
2
5
2
3
8
3
5
1
2
5
1
6
2
5
4
2
3
1
1
1
3
5
1
2
1
1
2
5
1
1
1
3
1
2
2
8
2
9
2
5
11
1
1
4
13
5
3
2
1
2
3
3
8
1
4
2
3
7
27
2
3
5
1
3
1
1
1
4
1
4
5
8
29
25
3
4
5
1
35
2
2
8
2
5
8
2
31
11
1
4
10
2
7
28
5
4
3
3
1
3
1
18
15
6
1
3
1
3
23
1
1
7
1
2
12
5
3
3
8
15
14
11
6
5
8
12
10
10
8
1
3
8
9
1
2
32
15
8
1
7
5
6
4
7
10
2
1
4
6
2
4
2
5
4
1
4
3
4
1
2
1
2
7
6
1
1
9
5
6
3
2
5
5
9
2
4
2
4
3
4
3
4
4
3
2
3
5
4
3
14
5
3
1
7
3
6
8
1
5
5
2
5
4
1
3
17
1
1
5
1
3
7
1
17
1
1
7
2
8
11
4
31
7
8
8
1
2
9
8
7
4
3
11
5
14
3
1
9
1
5
2
1
9
5
2
9
4
9
13
2
7
16
1
1
7
2
2
7
1
8
9
33
17
5
8
1
12
15
4
2
1
10
3
2
3
14
9
3
2
1
11
5
20
1
12
1
43
7
2
18
23
2
4
2
5
10
16
1
1
28
5
2
1
4
33
2
1
1
3
3
3
9
1
1
4
4
6
10
1
6
3
11
2
8
2
2
14
6
14
2
18
4
5
19
5
4
1
2
1
4
1
3
2
3
6
4
1
14
1
6
11
1
1
8
5
1
6
2
1
7
5
2
2
5
2
7
5
1
10
4
1
10
3
7
18
1
3
3
3
2
2
4
4
5
2
12
3
1
1
11
7
7
5
2
13
3
1
11
3
4
12
23
3
1
9
6
8
18
1
1
2
3
1
3
1
1
5
1
2
4
3
1
1
3
2
1
2
3
1
4
10
1
3
2
6
1
1
9
2
10
8
1
4
11
1
1
2
5
5
1
2
9
4
8
5
2
21
4
4
11
22
4
4
3
5
2
1
9
1
5
37
1
9
6
3
1
1
7
4
9
16
3
11
6
1
1
1
5
1
2
5
1
1
3
9
5
8
10
9
1
15
11
3
3
4
1
4
1
4
1
1
5
3
10
8
1
1
1
6
5
7
1
12
6
3
15
14
1
3
1
3
11
3
1
3
2
2
10
1
9
1
1
1
5
7
2
2
1
2
2
6
2
3
2
3
9
1
11
1
1
1
3
7
4
5
7
1
5
4
7
1
2
4
1
1
4
3
3
1
1
2
6
7
7
6
1
4
4
6
5
4
1
12
1
4
5
9
12
1
12
4
1
1
9
1
5
1
2
5
1
1
1
4
2
1
2
2
4
7
1
2
5
18
4
1
3
23
5
1
6
3
3
6
8
3
2
9
1
5
2
2
1
1
1
11
11
15
2
9
4
1
1
1
1
7
2
2
1
2
8
2
1
6
1
3
10
4
6
8
1
2
2
4
3
7
1
2
2
2
3
13
1
1
5
28
2
4
23
1
1
4
3
10
3
20
4
3
10
13
3
17
6
10
8
12
39
10
14
3
19
4
11
2
13
12
24
1
8
2
4
4
19
2
4
7
1
12
2
2
2
4
2
12
5
3
3
6
11
1
1
3
8
4
12
4
2
12
7
2
3
13
3
16
4
2
23
2
4
3
4
5
1
1
3
11
3
2
3
2
8
6
7
3
6
3
1
3
4
2
6
4
2
7
3
13
4
2
4
8
2
1
2
2
7
3
2
2
1
4
2
1
2
4
1
6
4
5
3
3
11
1
4
5
7
3
3
3
1
5
1
3
1
2
2
4
2
1
2
2
2
1
1
2
1
5
1
2
5
1
2
1
3
1
2
4
1
6
7
2
1
3
3
4
8
3
3
9
2
1
4
3
2
1
2
4
3
3
6
17
9
3
1
5
1
1
19
4
5
1
4
2
1
8
5
18
2
5
2
16
2
12
2
19
8
2
2
5
3
17
2
18
1
14
3
14
1
7
1
1
2
4
2
6
3
5
7
27
1
11
4
7
4
1
3
20
11
26
2
10
1
1
5
9
5
27
6
15
2
1
11
3
8
12
4
4
17
2
22
14
4
2
3
1
1
5
3
9
2
3
3
6
2
7
5
1
3
17
1
10
12
11
12
6
11
1
1
2
2
2
1
2
2
3
1
5
1
5
15
3
1
1
1
1
1
2
1
11
1
1
2
15
11
1
1
2
3
1
2
2
3
7
7
3
23
8
8
2
1
13
3
6
1
4
7
29
15
1
11
6
12
1
10
6
1
1
8
7
1
1
4
1
9
2
1
4
4
3
9
15
6
2
10
4
2
10
14
4
1
3
5
30
2
3
4
2
1
1
1
2
10
19
15
3
3
4
4
5
6
23
31
7
6
2
5
5
4
3
6
2
54
9
9
4
6
31
2
4
1
7
3
2
1
1
3
1
2
1
11
4
4
9
9
9
14
5
1
1
1
15
1
19
1
1
3
1
7
2
1
4
1
1
2
16
1
1
6
3
4
3
5
3
5
1
14
9
2
1
4
1
12
1
1
2
2
12
2
2
2
3
2
2
1
5
2
7
1
7
1
7
11
8
6
2
2
1
2
2
9
1
3
1
3
4
8
1
11
1
1
1
18
6
7
20
3
1
12
5
2
1
9
1
38
6
3
5
1
12
1
2
8
10
21
1
1
85
9
8
1
27
1
12
30
5
9
1
12
4
4
1
14
1
11
1
13
10
1
3
17
6
4
6
1
22
7
63
18
7
1
5
3
1
2
36
2
25
16
2
2
6
10
8
10
2
7
19
5
1
7
2
2
2
1
2
2
10
1
4
6
7
2
9
6
1
4
1
5
1
1
2
3
1
14
4
2
3
3
2
1
4
6
1
1
2
11
2
1
6
4
1
1
5
12
1
1
3
1
1
5
1
1
1
1
7
5
3
4
3
3
1
1
47
8
18
7
32
1
16
1
4
9
15
12
2
13
1
6
27
10
14
18
6
6
2
8
1
20
12
8
2
3
12
2
1
2
1
6
4
6
