1
1
1
1
15
1
2
6
5
9
1
2
1
2
4
5
4
4
1
3
1
19
1
1
9
3
4
4
6
8
4
2
1
11
1
1
1
2
2
5
3
1
4
2
4
3
7
1
8
3
3
7
7
1
18
2
1
1
2
2
1
1
14
5
3
1
1
1
22
1
3
1
3
3
2
8
8
4
14
5
7
3
1
1
1
1
7
6
5
5
3
1
1
1
4
3
1
3
5
5
2
1
1
1
1
1
1
1
1
2
9
1
1
3
2
2
1
2
1
1
1
1
1
2
2
1
2
2
4
1
4
2
4
2
1
2
1
1
1
1
1
1
1
1
1
4
2
1
1
1
2
12
1
1
1
2
2
2
4
10
5
1
1
1
2
1
1
1
1
1
5
4
1
1
1
7
3
4
1
1
1
2
1
3
1
2
5
1
3
1
1
5
3
3
1
1
3
12
1
1
1
1
18
8
3
1
3
3
4
1
1
2
1
1
1
1
1
1
1
1
1
2
1
1
23
8
5
5
3
1
7
3
1
3
7
1
1
1
1
1
1
2
5
1
1
1
1
1
1
1
1
1
1
1
1
1
1
1
2
1
1
7
3
5
1
13
3
14
1
2
3
1
3
1
3
1
1
2
2
1
1
1
1
1
2
1
1
1
1
1
1
1
3
2
2
3
9
1
10
1
5
2
1
5
7
2
2
21
2
3
6
4
5
1
2
3
10
1
2
1
3
1
4
3
1
6
3
1
4
1
1
5
2
1
1
1
1
2
2
2
1
1
2
1
1
2
1
1
1
1
1
1
1
1
1
2
1
4
3
1
1
1
1
1
1
1
1
1
1
1
1
1
6
1
3
1
1
1
2
1
2
1
2
2
1
2
1
1
1
1
1
1
1
3
1
1
1
1
1
2
2
2
1
1
5
1
6
4
1
1
1
1
3
1
6
1
4
1
4
1
1
4
1
1
1
4
1
1
1
2
1
1
2
5
1
7
3
11
6
4
1
1
2
1
1
1
3
9
2
3
5
1
2
1
2
5
1
1
1
3
1
5
1
2
3
1
11
8
2
7
3
4
1
1
5
1
2
3
1
1
1
1
1
2
1
3
1
1
1
1
2
1
1
3
3
21
1
2
1
1
1
1
6
11
1
2
16
5
3
4
4
2
4
3
4
7
3
5
2
2
1
1
2
5
3
2
1
1
3
2
3
1
2
1
10
10
18
7
1
2
1
3
25
5
4
1
1
1
6
1
8
9
6
7
1
8
1
4
5
7
4
7
1
2
1
1
1
1
2
5
6
1
1
1
6
1
1
6
2
1
1
3
2
1
1
1
3
1
4
9
3
2
18
1
2
1
1
7
1
2
3
1
1
1
1
1
1
2
1
5
2
1
4
2
2
1
4
1
2
4
2
2
2
6
1
5
2
1
1
1
1
5
1
3
1
1
2
2
1
1
1
1
1
1
2
3
1
1
1
5
1
2
2
1
1
3
1
1
1
1
2
1
1
2
1
3
8
6
1
3
8
1
2
7
2
3
4
5
1
1
6
2
1
3
1
5
1
1
5
1
22
3
2
1
2
1
2
1
1
1
14
1
6
5
2
1
1
7
5
1
11
1
10
2
2
1
15
4
2
26
3
1
1
4
6
4
2
1
3
2
2
7
1
1
1
1
1
2
1
1
5
3
8
4
1
1
5
4
3
1
1
9
1
1
3
3
21
7
1
141
8
69
42
139
23
44
12
59
5
7
51
56
7
37
20
10
14
27
13
8
8
7
12
8
5
28
10
12
4
32
27
5
16
18
19
11
19
8
4
19
14
12
12
5
21
4
4
9
1
2
2
6
3
3
29
13
8
8
18
9
9
7
3
5
12
3
3
6
1
1
1
76
344
254
86
226
89
14
165
3
1
1
10
2
4
1
91
33
17
71
1
99
1
3
1
1
1
14
9
6
1
1
2
3
1
8
9
3
19
7
1
4
1
1
1
1
1
1
3
4
5
2
2
2
2
2
4
4
1
2
2
1
1
2
4
2
1
1
1
2
1
4
1
1
1
2
1
1
2
3
4
1
3
1
3
5
6
1
8
2
3
3
7
1
1
13
1
1
2
3
1
2
4
6
10
2
1
2
6
2
6
7
1
4
1
1
3
4
2
1
1
3
2
6
1
1
1
1
4
4
4
2
7
3
1
2
1
6
2
1
1
1
1
1
1
2
1
2
3
2
2
12
1
1
1
1
2
6
3
2
1
3
1
1
2
9
2
1
1
9
2
1
1
1
1
1
1
1
1
1
2
1
2
1
1
1
1
1
3
1
3
1
1
2
1
2
1
1
1
2
1
1
1
1
1
1
1
1
3
1
1
1
1
1
2
1
1
3
2
1
3
1
2
5
1
2
1
1
1
11
5
106
22
