4
52
18
17
17
2
6
1
6
9
6
25
34
29
23
1
2
2
1
4
14
115
4
67
42
19
12
16
16
27
25
76
8
26
15
10
8
1
1
106
2
4
2
3
6
2
3
9
2
17
56
50
12
16
5
44
17
1
25
3
32
9
23
11
2
6
33
9
24
3
46
10
14
9
17
1
5
34
28
2
21
3
17
1
56
1
1
7
41
12
16
35
10
1
29
59
49
22
24
38
34
22
3
77
12
30
20
2
5
93
1
18
2
1
6
47
39
2
25
6
9
6
1
2
10
1
2
6
15
13
40
22
32
44
2
2
24
67
11
55
1
57
7
2
3
30
5
2
1
33
1
50
83
20
79
9
48
95
5
43
3
23
4
3
25
36
12
39
7
37
16
13
8
13
1
8
4
37
44
6
2
14
14
141
15
1
28
2
1
41
8
46
1
49
14
45
47
61
6
31
3
53
3
14
8
2
30
40
3
1
1
6
7
2
11
48
21
55
5
16
35
12
7
4
2
14
1
10
8
14
11
2
129
43
50
59
2
5
36
2
21
42
67
6
3
24
37
9
2
1
10
6
1
4
7
1
