1
4
45
26
12
58
15
41
3
7
65
15
8
3
18
28
13
13
12
3
39
10
15
70
61
2
6
19
1
13
3
53
131
13
16
43
12
4
86
7
43
182
87
60
96
6
25
60
158
96
8
272
64
17
52
10
20
27
8
106
40
3
5
298
33
38
6
26
1
85
15
56
40
3
26
5
6
6
1
56
9
8
43
10
1
20
38
1
15
38
15
5
12
6
18
60
23
3
3
10
28
5
131
2
14
4
33
13
29
24
7
5
3
10
3
14
12
9
19
21
19
35
10
15
23
26
1
47
12
2
1
15
4
13
7
7
22
3
7
20
2
17
20
10
11
26
31
6
10
4
75
126
43
41
19
21
57
15
35
2
77
385
17
21
7
9
39
2
27
128
21
8
63
1
212
81
19
13
28
142
83
12
37
7
6
50
32
14
26
327
138
133
85
15
52
24
50
14
25
85
2
6
8
62
18
19
13
144
105
5
75
21
84
4
16
10
59
54
48
175
15
129
5
30
1
53
30
3
22
95
7
128
96
32
101
1
83
46
2
24
5
100
25
108
87
11
5
64
1
31
45
15
7
75
86
1
51
2
1
39
65
15
1
2
11
16
10
2
1
14
9
1
23
15
16
32
125
38
11
6
27
21
74
28
2
105
11
5
9
2
33
8
