3
3
2
1
1
2
1
1
4
1
89
78
123
136
2
1
1
1
1
92
59
1
1
1
1
11
1
2
6
2
2
3
3
3
3
1
2
1
6
1
1
4
2
3
2
2
1
3
1
1
3
1
1
1
50
1
1
1
1
4
1
1
2
1
4
2
2
11
2
2
8
3
9
1
3
4
27
11
2
2
6
13
35
1
21
1
3
19
2
2
1
26
4
1
3
5
5
4
8
9
8
5
7
1
1
13
5
5
5
2
4
4
14
1
1
5
13
5
1
22
3
9
5
24
22
3
1
7
12
3
5
8
7
13
5
5
4
12
8
1
13
5
18
122
61
9
76
2
40
10
18
97
128
86
2
14
53
2
4
71
12
17
1
34
181
4
3
7
1
67
19
21
2
199
11
12
56
16
20
84
77
3
41
16
2
8
72
118
30
1
1
73
158
12
14
88
55
13
177
10
13
297
31
2
15
2
213
51
63
14
40
58
69
6
1
1
6
1
2
4
2
4
15
10
5
48
3
1
1
1
1
1
1
1
1
3
36
17
4
1
12
1
102
6
6
1
1
2
1
1
1
1
1
2
3
1
2
1
1
1
2
2
2
36
1
69
3
3
4
1
1
1
10
1
2
4
2
39
13
2
50
19
1
6
12
9
6
1
2
2
4
2
1
5
2
13
2
5
1
4
1
1
2
3
5
2
1
5
2
3
1
6
3
1
1
6
5
1
2
2
1
1
3
3
1
1
1
13
1
2
5
5
2
1
5
18
3
12
4
3
3
10
1
3
2
5
3
1
5
2
1
12
2
1
2
1
3
3
3
6
2
9
1
1
2
4
3
13
18
1
6
3
15
4
5
5
8
3
1
1
1
3
2
1
7
1
6
6
1
1
2
2
2
2
5
3
3
1
1
4
8
3
6
1
1
1
2
1
1
1
1
1
1
10
4
9
2
3
3
6
2
2
3
2
4
1
11
1
2
10
6
4
12
12
5
1
1
15
2
1
1
14
3
2
8
1
6
3
4
1
1
2
2
1
3
1
3
4
13
4
2
1
9
3
1
1
1
6
2
1
2
1
1
4
2
1
1
6
1
1
2
2
1
1
1
2
2
1
3
1
3
2
1
3
4
4
1
2
1
5
2
4
2
7
2
1
1
9
2
1
1
7
2
5
2
1
2
2
1
6
5
6
3
1
4
4
6
2
2
3
3
10
1
1
3
4
3
1
1
1
1
3
2
3
1
1
1
1
1
1
3
1
2
3
2
2
2
10
2
4
1
4
2
1
6
3
1
6
3
1
1
1
1
4
6
10
2
1
4
5
2
3
3
2
2
2
5
2
2
8
9
3
2
1
1
2
10
2
2
1
1
5
6
1
2
1
2
1
2
4
2
2
2
1
2
1
2
5
2
4
2
1
1
1
3
1
1
2
5
5
8
1
1
2
1
3
2
1
3
1
1
1
2
3
1
5
4
3
1
2
1
4
3
8
11
5
2
1
2
1
3
1
9
1
2
1
1
1
3
2
2
1
2
1
1
1
1
10
6
5
2
1
1
2
1
1
4
1
1
2
1
1
5
9
2
1
4
2
1
1
6
4
2
2
2
12
2
16
1
3
6
5
4
2
10
2
4
5
5
3
2
1
2
1
8
3
1
1
2
3
1
1
1
3
1
1
1
4
1
2
2
6
27
19
20
12
7
4
9
1
3
2
5
9
3
16
3
3
2
6
29
3
24
12
2
5
4
4
15
17
8
8
24
25
4
5
30
11
47
4
23
3
5
1
22
2
5
1
4
34
4
4
5
2
2
8
13
32
3
2
11
1
1
16
2
4
1
1
3
30
3
2
11
4
19
2
7
12
1
2
10
12
6
7
6
7
1
46
3
4
11
7
3
9
7
1
1
3
2
1
4
3
6
4
7
6
8
1
1
6
6
5
2
2
4
1
2
6
1
7
15
2
11
18
5
2
5
11
1
2
1
5
4
15
2
1
1
6
2
1
1
20
19
3
8
3
6
8
5
21
1
3
12
6
8
2
5
2
3
6
14
31
1
18
11
7
24
27
3
6
21
7
3
16
31
4
36
10
7
14
21
47
14
6
2
5
4
5
5
2
20
3
3
3
4
13
17
8
21
10
5
2
2
1
5
6
5
11
3
3
13
6
35
52
38
30
12
90
42
23
3
11
6
35
15
1
2
12
65
8
4
15
2
4
36
11
49
23
31
3
5
6
2
4
29
7
1
2
2
3
10
17
1
2
2
7
9
5
4
3
4
3
1
1
4
9
2
2
1
10
10
5
7
1
2
2
1
8
1
1
1
2
1
2
1
1
1
1
4
2
3
1
1
2
2
4
2
2
1
2
1
2
16
2
1
1
7
1
2
2
5
3
1
1
3
1
1
4
2
2
1
1
5
7
25
8
2
2
3
1
1
1
2
3
2
3
2
2
4
8
2
3
2
1
8
1
6
5
7
1
1
6
1
4
1
1
5
1
1
1
2
3
2
1
1
1
2
1
16
3
4
4
5
1
1
8
5
1
3
2
4
7
6
4
4
10
1
6
7
1
1
1
1
3
1
3
3
8
1
1
1
13
4
1
3
2
2
4
3
7
8
2
2
10
1
3
4
9
1
2
20
1
7
5
15
7
11
18
3
19
2
3
13
24
3
4
1
2
17
28
30
