2
1
2
4
3
1
1
3
2
1
1
1
1
2
1
2
1
1
2
1
2
1
1
2
1
2
2
1
1
3
1
2
1
3
6
5
9
6
2
2
1
3
3
3
1
3
3
1
4
8
4
1
4
1
1
1
1
1
1
3
3
2
1
17
3
2
4
2
1
1
2
7
1
1
7
1
19
1
1
2
2
2
4
2
1
1
1
1
1
16
1
1
1
1
4
1
1
1
3
5
4
5
1
5
2
1
1
2
3
6
1
5
4
5
3
1
1
1
1
1
1
1
8
2
3
3
3
6
3
1
1
1
1
2
1
1
2
2
3
1
6
10
2
1
5
11
6
4
8
1
1
1
1
5
3
1
1
1
1
1
2
2
1
2
1
1
2
1
1
6
1
1
5
1
1
1
4
2
30
3
30
6
5
103
10
5
26
4
51
15
20
36
3
3
1
1
1
1
2
1
4
8
3
1
1
1
1
1
2
1
1
1
3
6
4
1
4
2
1
1
1
1
1
1
1
1
1
2
1
1
1
1
1
3
1
1
1
1
1
1
3
1
1
5
2
5
1
1
2
30
3
1
2
1
1
9
7
16
2
18
19
1
1
3
4
13
1
2
5
5
1
2
1
1
12
5
2
1
3
1
2
1
1
2
3
1
1
1
1
5
1
1
1
4
4
6
2
2
1
1
1
1
2
1
1
1
1
2
1
1
4
1
2
1
1
2
3
3
4
1
3
4
1
1
1
1
5
3
1
2
6
6
2
4
1
2
4
2
5
2
18
13
5
5
8
2
4
23
3
25
6
5
4
17
10
12
1
4
16
1
2
35
18
10
20
6
4
2
1
1
1
1
5
1
6
2
1
3
1
2
3
3
4
1
2
2
1
2
3
3
2
4
2
12
1
2
5
3
4
3
23
7
9
17
21
6
15
2
1
6
6
1
2
2
2
1
1
1
1
1
3
1
1
2
1
2
1
1
3
1
1
2
20
6
2
5
2
1
4
25
3
5
1
5
9
4
1
3
3
1
4
1
1
1
1
2
9
1
2
6
4
1
2
1
3
2
11
20
28
10
2
2
3
1
5
10
2
9
2
4
3
2
1
2
1
4
2
1
1
1
2
3
2
3
2
12
1
1
1
1
4
2
1
4
3
6
1
1
1
1
1
1
1
3
4
1
2
1
3
1
3
1
1
4
2
1
1
2
1
2
1
5
1
1
1
1
1
1
2
1
1
1
1
1
1
1
1
2
8
1
2
4
6
5
1
1
2
1
2
2
5
4
3
1
4
4
4
18
1
2
1
1
1
1
1
1
2
1
1
3
1
1
2
2
1
1
3
2
1
1
9
5
4
1
1
1
1
1
1
3
1
1
2
4
1
2
1
2
1
9
4
2
1
175
17
1
3
598
610
104
16
9
11
374
1
4
3
3
34
147
4
2
3
5
2
16
5
8
1
6
1
9
8
3
3
2
5
8
5
7
3
2
1
1
9
4
2
1
8
3
5
3
9
10
3
4
1
6
1
2
65
6
2
2
1
2
132
19
22
5
4
29
13
5
4
3
9
1
1
7
1
3
2
3
1
6
8
134
14
15
3
3
4
2
1
1
2
1
1
1
2
1
1
2
1
1
4
2
1
3
8
1
1
3
2
1
3
1
3
1
1
1
1
1
2
1
1
4
10
1
5
12
4
27
1
3
9
19
1
12
21
6
4
20
28
8
6
7
11
4
2
2
1
1
13
4
5
54
40
8
1
2
1
2
3
1
1
1
2
1
1
20
5
1
1
1
3
1
1
5
3
6
1
18
3
13
7
1
9
1
3
4
1
1
1
1
1
1
1
1
1
1
1
1
1
1
2
1
1
1
1
1
2
4
1
4
1
1
1
1
2
1
1
2
1
2
1
2
3
8
8
1
1
1
2
1
1
1
2
1
1
1
1
1
2
1
1
1
1
1
1
1
1
1
1
1
1
1
1
1
1
1
1
1
1
4
2
2
2
1
1
2
1
1
1
1
1
1
1
1
1
2
2
2
1
1
1
1
2
1
1
1
1
1
1
1
2
2
1
1
1
1
3
1
2
1
1
1
1
2
1
1
1
1
1
1
1
1
1
1
1
1
1
1
1
1
1
1
1
1
1
1
1
2
3
1
1
1
1
1
1
1
1
3
1
2
1
2
1
1
1
1
1
1
1
1
1
1
4
4
57
1
2
1
1
17
136
49
4
33
6
1
3
1
16
16
1
4
4
8
5
22
1
18
9
4
43
23
4
23
1
37
1
3
14
19
20
40
20
1
2
3
3
5
1
21
74
38
22
1
15
20
1
19
45
1
4
1
57
68
32
4
13
