1
2
1
1
1
1
1
1
1
4
15
6
44
4
17
3
1
27
22
6
29
43
1
4
22
18
3
21
12
204
9
8
9
12
1
14
7
4
21
16
23
10
28
2
47
30
41
7
2
4
4
8
41
16
15
18
1
13
44
63
1
8
37
9
1
1
18
3
13
22
14
23
2
3
15
6
9
2
5
1
1
4
2
5
1
29
7
7
1
10
4
6
1
36
2
1
10
3
8
12
4
19
1
72
5
3
1
39
39
5
3
13
5
19
27
7
18
80
2
1
8
26
81
3
21
13
67
9
1
2
3
1
9
4
8
6
21
20
4
2
1
12
54
10
40
1
22
8
10
21
15
2
1
3
1
3
1
4
12
10
5
9
5
5
14
13
10
5
17
6
35
2
49
1
4
1
10
14
1
2
20
4
1
11
1
3
14
12
4
3
5
7
3
5
17
20
19
8
15
1
1
20
9
13
45
12
15
38
4
1
6
5
1
2
10
7
4
63
5
1
58
2
2
3
11
3
1
14
1
22
24
6
27
10
3
7
21
6
31
3
16
2
13
1
11
17
7
4
6
2
4
9
9
7
10
20
8
3
4
3
6
15
16
3
13
14
1
4
16
4
10
8
19
2
6
1
4
3
6
28
33
3
16
29
41
3
1
53
1
2
2
7
6
3
37
1
13
135
81
97
5
9
1
3
10
2
59
34
1
37
1
12
42
4
58
116
30
13
4
2
3
85
1
4
95
61
5
2
8
4
2
2
12
2
88
27
5
7
13
4
3
26
6
5
41
53
102
77
1
13
6
1
2
13
30
33
3
16
7
10
4
18
12
9
13
4
2
3
35
18
33
9
1
3
10
6
20
12
7
23
5
3
14
2
5
3
6
26
9
22
2
2
2
26
3
3
2
1
2
15
2
16
36
10
9
3
2
48
4
4
1
1
12
6
29
2
26
106
44
18
41
52
38
36
29
1
14
3
1
15
37
1
6
2
22
2
5
9
8
3
1
2
17
7
9
6
8
6
6
7
1
27
11
3
1
10
53
5
1
2
2
3
1
1
1
38
9
228
9
10
5
27
10
25
32
33
1
1
6
7
13
2
2
1
9
7
6
3
5
1
5
3
1
11
9
19
13
15
6
3
74
3
1
1
17
1
1
8
4
12
1
1
2
18
2
30
22
27
11
5
26
8
14
1
3
18
5
1
9
29
21
1
1
10
8
6
24
39
7
19
42
13
5
4
7
30
5
2
14
98
3
219
19
1
3
5
9
10
1
4
26
5
4
1
7
5
9
11
2
1
3
2
15
61
6
9
9
11
6
87
1
12
3
1
1
14
1
17
1
5
3
19
11
9
12
14
26
118
11
252
14
38
