1
1
1
1
1
1
4
1
3
1
1
2
34
64
1
10
15
36
82
21
1
5
55
27
21
423
257
34
98
103
66
4
1
2
3
3
1
1
1
1
3
1
1
3
1
2
1
1
1
1
3
2
1
1
1
1
4
1
1
1
1
1
1
1
2
1
6
1
16
2
1
1
1
1
8
1
1
5
2
3
3
2
1
1
4
1
1
5
1
1
1
15
2
2
1
1
2
1
1
1
2
1
9
2
2
1
2
2
6
1
1
3
1
1
2
2
2
4
3
4
1
2
1
4
22
15
2
12
5
2
1
5
3
1
3
1
8
1
1
1
1
9
1
2
1
6
1
3
1
1
1
3
2
1
1
1
1
1
1
3
1
1
1
1
1
1
1
1
1
3
1
1
3
2
2
2
4
1
1
3
2
3
1
1
1
1
1
2
2
1
2
1
1
1
2
1
3
2
1
1
2
2
1
4
1
1
1
1
1
5
1
3
3
1
1
2
2
1
1
3
2
1
2
5
4
5
1
2
1
3
2
2
2
5
1
5
2
3
3
1
5
7
1
1
3
4
1
5
1
1
2
1
2
1
3
2
1
1
2
2
1
3
6
2
2
2
1
2
1
1
1
3
1
3
1
1
7
1
1
2
1
2
1
5
2
4
2
3
3
1
1
2
6
3
5
2
1
2
1
1
1
1
2
1
3
1
3
2
6
