4
8
2
1
1
17
9
17
6
3
2
1
5
1
2
2
1
1
1
1
100
2
1
2
12
1
10
8
39
56
39
13
1
27
29
18
46
2
1
3
1
4
1
32
5
1
21
2
1
1
1
2
5
2
2
2
1
1
8
1
4
6
1
1
2
1
1
1
1
1
4
2
2
1
3
2
2
27
1
1
11
1
4
2
2
1
10
1
4
9
9
4
49
17
12
34
25
1
7
8
3
115
36
19
9
3
5
30
11
7
2
33
38
1
10
39
2
2
5
3
21
3
13
4
1
1
1
3
2
2
2
2
3
1
29
48
4
2
1
1
1
4
19
1
1
1
1
10
2
10
14
2
2
2
1
4
18
1
1
60
70
6
14
2
6
3
12
20
3
17
13
3
7
52
4
21
2
10
19
19
6
10
1
2
1
1
6
13
1
1
1
1
6
4
4
10
2
3
4
163
35
1
72
1
3
11
1
2
1
1
3
1
32
11
2
1
32
38
31
1
1
1
1
1
1
1
3
1
1
2
4
1
1
2
2
4
1
2
1
87
14
1
5
2
11
41
11
13
2
1
5
3
1
3
14
8
5
1
1
10
4
2
10
4
27
1
1
36
1
6
9
6
1
1
19
6
23
7
1
15
10
5
1
3
18
5
12
4
1
2
5
2
2
2
21
2
2
2
12
4
11
2
10
6
9
7
10
20
12
21
12
13
5
50
43
25
9
2
140
2
2
2
22
23
27
1
2
1
1
12
45
12
27
20
5
32
9
11
7
20
1
12
5
7
9
22
9
1
1
3
2
3
1
7
3
2
1
3
10
1
1
1
1
2
1
5
1
1
2
1
1
1
1
1
1
2
1
1
1
1
1
1
2
1
1
1
1
1
1
1
7
1
7
7
2
1
3
8
7
3
1
2
1
2
17
14
6
3
1
2
6
11
11
2
20
47
1
12
9
2
20
1
2
1
1
20
10
1
5
2
1
5
1
2
4
13
4
16
11
13
17
2
14
6
2
6
1
26
5
9
10
11
11
1
48
19
6
7
69
4
24
12
34
3
22
17
18
3
2
1
2
15
