1
2
2
2
3
2
4
6
2
2
2
1
1
1
16
1
4
1
1
4
2
8
1
2
1
2
1
1
4
3
1
2
3
1
1
2
1
2
1
2
3
6
13
14
3
1
1
1
3
1
1
1
39
10
2
2
1
1
1
42
1
7
7
1
2
1
2
1
2
5
2
2
1
4
2
2
1
1
1
1
1
1
17
1
1
1
1
1
2
10
1
5
7
1
13
2
5
10
1
25
10
1
15
3
1
5
2
9
1
1
1
17
5
6
10
1
13
8
14
21
1
4
3
2
1
1
13
3
5
8
5
1
4
4
4
1
1
10
2
1
1
12
13
3
10
1
3
6
4
11
48
12
1
8
2
9
2
1
31
1
1
1
2
2
10
4
1
6
1
2
21
1
2
1
1
6
1
1
6
3
13
4
4
2
1
20
6
1
1
8
2
5
1
9
6
9
1
1
5
2
1
5
2
1
1
4
1
2
1
3
3
4
1
3
2
3
7
2
1
1
2
4
9
4
2
5
7
2
4
7
1
3
6
15
1
1
8
1
1
1
2
7
19
1
50
11
9
42
8
16
9
2
1
1
2
3
10
1
4
1
5
4
5
4
7
29
13
13
7
6
1
2
1
2
1
5
1
1
11
15
8
2
8
22
20
6
2
5
4
17
1
7
9
2
1
4
3
5
1
13
2
12
5
5
1
3
4
29
3
1
1
7
16
4
1
2
2
14
2
1
4
3
7
1
3
2
1
1
6
18
3
2
1
8
1
1
2
1
1
3
2
2
1
11
1
6
1
1
1
1
2
1
1
1
3
3
1
1
3
1
9
1
1
1
6
1
1
1
2
1
1
2
1
2
1
1
5
2
3
1
1
1
1
1
1
1
3
1
1
1
1
3
4
1
1
3
2
2
1
3
2
4
1
3
2
1
1
1
2
1
1
4
1
1
1
1
1
1
1
4
2
6
6
3
2
1
1
5
3
4
1
1
7
3
1
1
1
3
3
1
9
1
5
4
1
2
2
1
1
8
5
1
2
5
1
5
1
6
4
1
1
1
6
3
4
1
5
1
1
1
3
1
1
1
5
1
1
1
2
2
2
1
2
1
1
2
1
2
1
1
13
1
1
1
1
2
1
6
1
1
1
7
1
2
4
1
2
6
1
4
3
3
3
2
1
1
1
6
2
1
43
7
2
1
1
2
1
6
5
1
1
1
4
6
3
13
7
4
7
1
1
4
2
1
1
1
