10
1
2
1
2
1
5
1
1
1
1
2
4
1
1
2
1
2
1
1
1
1
3
1
15
18
1
1
1
1
1
1
11
3
3
1
4
7
2
1
1
1
1
1
1
4
1
4
1
3
3
10
1
1
2
3
1
3
2
1
1
2
4
1
1
1
2
1
4
7
28
3
8
1
29
1
3
1
1
7
1
1
1
2
10
10
3
2
1
1
1
3
1
1
1
2
1
1
2
2
1
3
1
3
1
1
1
1
3
2
4
1
1
5
8
1
2
1
3
1
1
3
4
7
15
8
1
1
1
1
1
1
1
1
7
1
1
1
1
1
1
1
1
3
2
11
17
2
1
3
4
5
19
3
1
5
1
1
1
1
2
1
2
2
5
2
1
8
1
8
5
3
1
8
14
7
1
1
1
1
16
7
2
1
4
1
17
11
2
1
6
2
11
35
1
1
4
3
9
6
3
2
1
10
4
5
9
5
1
4
2
1
4
1
6
2
18
5
9
1
18
1
1
4
1
2
1
1
7
2
1
4
1
1
5
26
1
1
1
2
3
1
2
3
2
1
6
1
1
2
1
1
13
3
3
1
1
1
2
1
1
2
1
15
5
4
1
9
7
2
7
8
1
5
1
5
1
1
7
5
3
11
2
1
1
1
1
2
1
9
2
3
1
2
1
1
2
4
4
5
8
1
1
1
1
1
3
37
1
2
1
1
2
1
3
2
3
3
4
7
10
1
3
2
1
2
6
1
1
10
8
6
3
1
1
1
1
3
1
11
1
6
7
1
8
2
2
4
14
28
1
1
1
1
1
1
2
5
1
1
15
4
2
1
1
1
13
2
1
2
1
1
2
2
4
1
4
8
3
3
7
7
1
10
56
4
3
3
2
1
9
9
1
1
1
12
2
11
2
4
12
2
2
3
9
13
2
14
1
1
3
3
9
2
1
3
2
6
10
