5
1
2
4
6
1
5
2
1
1
2
15
8
27
26
17
20
2
3
7
9
6
3
1
2
2
2
10
8
3
2
38
1
7
5
1
6
1
1
22
5
1
2
2
6
25
1
3
1
1
11
2
1
4
4
1
24
1
2
3
5
2
1
1
1
5
3
1
1
4
1
1
2
1
1
3
3
1
3
1
6
5
3
5
5
4
6
1
1
4
1
1
1
1
7
4
1
1
4
12
8
3
1
5
3
5
3
10
3
3
7
5
2
10
2
4
10
6
5
8
8
3
1
1
13
1
4
4
14
5
1
1
1
1
1
4
1
1
1
1
1
1
1
9
4
3
3
5
3
3
2
2
3
1
2
8
1
2
2
2
6
11
4
3
1
7
15
1
14
29
27
1
2
1
2
19
3
28
1
1
1
1
2
11
1
4
2
1
1
19
9
34
33
1
1
4
1
3
4
1
3
18
4
1
1
2
2
1
5
2
2
1
1
2
4
1
1
3
1
4
12
6
15
8
1
10
9
16
3
3
4
1
15
1
2
1
3
1
1
1
4
3
2
2
2
17
6
1
1
1
1
1
1
2
1
1
1
3
5
1
1
1
1
1
1
1
1
1
1
1
1
1
1
1
1
1
1
1
1
1
11
1
1
2
1
1
3
2
6
8
2
1
11
3
1
3
1
4
26
4
2
1
4
1
1
1
1
1
1
1
1
1
1
1
1
1
5
4
2
7
9
5
2
2
1
1
3
2
1
1
2
4
20
9
1
1
2
5
13
7
6
1
1
9
3
7
3
2
2
1
3
1
16
1
3
1
4
23
2
1
2
8
2
1
17
9
4
4
1
1
1
2
1
1
1
1
1
1
1
1
3
3
13
1
1
1
2
3
2
2
2
1
1
1
1
1
1
1
2
4
7
6
6
1
5
3
4
5
41
