5
2
7
13
2
1
3
11
16
8
7
6
6
11
11
1
1
21
6
1
2
5
13
2
1
5
25
23
1
4
2
3
4
4
3
9
6
13
3
2
4
18
10
2
13
3
1
17
42
4
2
6
2
16
6
2
17
2
10
7
1
1
7
5
3
9
2
9
3
25
19
6
1
1
3
1
5
7
5
1
2
18
1
4
16
1
1
5
1
3
2
1
2
2
3
1
5
4
3
1
1
2
5
1
5
2
1
2
5
6
11
16
2
3
7
1
6
18
7
1
1
2
2
3
1
4
14
2
2
1
1
8
3
1
2
2
1
1
1
1
6
1
1
1
3
2
1
16
2
1
1
14
4
1
4
1
3
2
8
3
2
3
1
1
1
1
4
1
1
1
1
1
1
2
3
13
2
1
2
2
1
2
2
1
3
3
1
1
8
2
13
4
7
6
4
1
3
8
15
11
2
3
5
10
5
8
1
4
6
1
1
2
4
3
1
1
3
10
14
1
2
4
7
1
1
6
1
1
1
1
1
3
3
6
9
1
3
3
1
1
1
7
16
1
10
9
6
5
1
2
4
2
6
8
1
24
9
14
8
11
2
1
1
4
4
15
8
13
18
2
5
9
1
1
1
1
3
4
7
2
18
7
16
1
4
1
2
1
3
9
1
4
12
11
3
29
7
1
1
1
3
9
19
2
2
5
2
1
1
2
3
1
1
1
2
2
1
2
2
1
2
1
7
4
2
6
1
3
2
2
2
1
73
11
9
1
1
1
1
3
9
14
9
1
3
1
6
25
7
1
33
13
1
8
32
11
22
2
9
14
15
10
14
8
20
7
9
42
3
5
18
5
31
2
1
5
1
3
24
2
6
46
4
2
25
6
26
4
1
2
1
8
1
1
2
9
2
3
1
11
14
1
7
6
2
1
5
2
1
6
7
8
1
8
3
1
2
1
2
1
14
5
5
18
1
2
1
2
2
3
1
1
1
1
3
1
12
1
1
6
36
8
76
8
2
1
1
9
3
7
7
23
1
3
15
18
30
56
14
26
1
18
25
27
9
37
3
11
27
38
86
7
10
1
20
4
3
4
42
6
1
10
29
19
34
3
32
5
7
2
11
6
1
3
4
1
1
1
6
15
5
1
2
3
2
5
1
16
1
2
1
1
8
2
1
6
12
2
5
2
1
3
12
1
1
3
1
1
7
2
2
1
2
2
1
3
1
2
2
14
1
1
14
1
1
1
2
4
1
10
2
9
4
16
16
1
11
2
1
5
7
3
3
3
3
3
11
11
9
26
1
2
14
1
7
11
14
1
24
1
7
2
8
2
3
7
4
2
25
3
1
5
17
4
18
2
3
6
1
10
3
8
4
1
1
2
18
4
4
8
2
4
1
4
3
4
1
2
8
5
1
8
1
4
1
1
1
4
14
1
11
1
1
2
6
2
1
2
7
8
8
4
14
18
4
5
2
1
1
4
1
1
1
2
2
1
1
1
5
6
5
3
4
1
1
9
4
12
1
7
13
3
6
9
8
12
8
3
5
4
8
1
1
3
1
2
6
1
3
4
17
13
2
3
4
4
1
12
7
9
9
14
4
8
1
8
7
1
12
1
6
2
14
11
2
2
8
6
4
1
1
2
9
5
4
22
10
1
1
1
3
2
22
5
10
15
25
14
7
6
4
1
23
6
3
8
3
2
2
18
4
18
1
1
11
12
12
6
9
1
4
3
2
5
1
5
7
1
1
1
27
12
33
14
10
3
5
5
4
9
22
23
4
12
