1
19
45
21
2
15
6
3
1
13
91
3
85
22
44
4
28
43
54
41
120
22
42
5
1
43
2
7
3
38
72
1
4
1
1
2
1
5
24
4
3
6
5
4
10
31
47
93
45
8
2
2
1
4
1
1
2
2
1
1
2
1
2
2
1
2
1
2
54
90
10
59
39
1
2
1
6
1
1
1
1
1
1
1
1
4
4
1
1
1
1
8
1
2
1
7
57
45
12
10
10
6
2
18
24
23
17
13
29
4
1
176
27
5
5
6
150
4
2
1
10
10
7
9
1
2
8
3
5
1
3
6
1
5
3
3
9
3
12
4
1
49
3
3
3
5
3
69
208
10
22
13
7
14
1
3
50
85
6
27
12
3
3
1
2
1
4
1
2
1
2
1
1
2
1
1
62
28
41
4
117
47
108
86
2
2
145
5
18
46
16
10
39
42
15
42
82
1
47
74
60
12
1
2
34
2
28
1
1
3
1
2
4
1
1
5
3
7
1
1
9
1
2
7
3
3
3
3
4
1
1
9
4
1
5
37
51
48
7
28
64
1
12
5
4
2
1
20
7
3
3
1
1
13
1
14
103
1
51
25
15
17
17
28
6
9
23
14
1
1
42
132
2
2
21
17
13
14
7
52
3
17
7
51
14
86
107
2
1
18
30
27
31
34
42
39
22
9
1
1
1
6
1
6
2
1
1
2
11
9
3
35
2
39
1
45
13
18
59
4
20
44
2
32
7
31
32
16
34
5
8
13
33
22
4
2
8
16
60
7
32
2
1
1
1
7
30
22
7
11
32
4
49
100
24
17
14
20
3
3
19
8
45
98
1
14
59
170
23
111
2
49
1
5
1
57
1
86
299
70
21
3
22
17
57
2
29
14
7
7
11
16
7
18
32
15
1
8
4
13
11
6
5
16
10
165
36
5
1
176
13
59
37
1
33
46
6
3
6
1
1
4
1
1
1
3
2
1
107
83
61
4
37
9
95
95
21
11
11
47
10
132
4
8
17
9
16
16
1
1
3
6
44
2
16
48
22
23
18
16
31
98
12
58
1
24
84
25
148
57
84
135
23
70
85
46
60
32
91
19
16
116
45
45
13
2
35
