57
20
6
15
60
1
9
26
28
1
114
37
5
2
35
7
1
12
33
3
7
2
4
2
57
20
9
21
6
2
5
1
2
21
1
10
7
57
7
31
11
12
15
1
2
42
1
38
18
1
6
1
1
2
12
8
2
6
8
18
6
27
4
1
6
4
7
1
1
1
1
1
1
3
2
4
1
1
3
1
6
2
2
1
1
3
21
5
20
1
4
1
1
15
1
3
4
1
1
3
2
1
26
28
2
9
3
34
2
2
2
3
1
1
2
1
1
24
32
2
6
1
17
2
1
1
2
2
3
3
1
1
1
3
3
1
1
1
1
5
1
2
1
4
1
1
1
2
2
1
7
8
2
1
1
3
2
2
4
1
1
6
1
1
1
21
14
43
4
1
14
1
1
1
1
2
1
1
1
10
1
35
1
1
1
1
1
1
1
1
1
1
1
1
2
1
3
3
20
3
17
2
1
8
18
19
6
1
3
1
1
1
7
36
1
4
3
2
3
3
2
2
16
3
1
1
20
1
1
4
2
4
1
1
2
1
1
1
1
2
5
1
1
3
2
4
3
2
17
16
2
2
2
3
74
1
19
86
1
2
1
1
1
3
12
5
48
1
2
4
10
12
1
1
4
27
1
2
2
1
1
1
3
2
7
11
29
49
2
9
42
16
17
1
1
4
4
48
1
20
2
1
25
4
2
8
1
1
2
20
7
5
3
10
7
2
2
4
8
2
8
1
1
2
1
2
2
1
2
1
1
1
4
2
2
8
32
48
26
28
40
16
1
1
7
5
8
7
4
11
2
19
21
1
1
1
4
1
2
12
1
3
4
23
78
8
3
33
2
26
1
7
11
20
18
1
9
1
1
2
4
10
2
16
2
11
9
8
39
1
1
2
14
11
1
57
2
25
17
10
21
25
9
4
6
72
14
15
14
5
7
20
1
1
1
1
4
1
1
1
2
4
1
11
9
5
27
5
2
13
4
34
15
11
7
21
53
25
1
36
2
7
49
155
2
5
2
8
8
7
1
1
2
2
1
1
8
4
31
1
2
2
57
1
1
1
2
1
1
1
4
22
28
4
23
22
2
3
9
2
9
1
4
52
129
53
14
9
64
41
41
9
114
15
17
3
38
13
3
30
45
33
31
8
3
1
5
3
13
8
6
14
4
5
21
15
3
11
34
1
2
9
8
1
11
29
13
5
11
1
1
16
2
3
7
4
1
2
1
13
5
1
1
5
5
3
1
22
4
2
2
3
1
1
6
2
1
4
2
4
4
1
1
10
3
1
1
16
8
3
6
1
3
1
1
1
1
1
1
1
1
1
1
1
1
2
3
2
1
1
1
1
1
1
1
1
1
3
5
5
1
3
1
2
12
1
1
1
3
1
1
1
2
1
1
1
2
1
1
2
1
1
1
1
2
1
1
1
1
1
1
1
1
2
1
1
2
3
1
1
1
1
1
3
2
2
1
1
1
1
1
1
2
5
1
1
1
2
1
1
3
1
1
1
2
1
1
3
1
1
2
1
1
1
1
1
1
1
1
2
1
1
2
1
1
1
1
1
1
1
1
1
1
2
1
1
1
3
1
1
1
5
1
6
1
1
2
1
1
2
2
2
4
2
2
1
1
1
3
3
11
8
1
1
1
2
2
6
1
2
2
1
1
1
1
1
2
2
2
1
1
1
2
1
1
2
1
1
1
1
1
1
1
1
1
2
1
2
1
1
5
1
1
1
1
2
2
1
1
5
1
2
1
2
4
2
1
3
1
2
1
2
1
1
1
2
1
1
1
1
1
2
1
7
1
4
1
1
1
1
1
1
2
3
2
1
2
2
1
1
3
1
1
2
1
2
1
1
1
2
5
1
1
1
1
1
1
1
1
1
1
1
3
2
1
4
1
1
1
1
2
3
1
1
1
1
2
1
1
1
1
1
1
1
1
1
1
1
1
1
1
2
1
1
5
1
1
1
1
2
2
1
1
1
2
2
1
2
1
1
2
2
1
1
1
1
1
1
1
1
1
1
2
2
1
2
2
3
1
1
1
1
1
2
1
1
3
1
1
3
1
2
2
1
1
1
1
1
1
1
1
1
2
1
2
1
1
7
2
1
2
1
3
1
1
1
1
1
1
2
2
1
2
1
1
1
2
2
1
1
1
1
1
1
1
1
2
1
2
2
3
3
1
1
2
2
1
1
1
1
1
2
1
4
1
3
3
1
2
1
1
1
4
2
1
1
3
2
1
1
1
1
1
1
1
1
2
1
3
3
4
11
8
2
2
2
3
1
2
1
1
4
1
1
1
1
1
2
1
1
3
5
4
4
3
2
1
4
2
1
1
1
3
2
2
2
3
2
1
2
1
7
3
1
1
4
1
1
1
2
2
1
2
10
39
18
39
1
1
14
4
21
7
3
18
4
33
9
47
1
2
1
2
1
3
2
1
7
1
4
2
3
1
3
1
22
33
26
6
1
1
9
1
1
2
2
9
1
3
1
1
6
1
2
1
1
1
1
2
1
1
2
1
3
1
1
2
3
4
1
1
1
1
2
2
1
7
5
1
4
2
1
1
1
1
2
1
3
2
1
1
1
5
2
2
4
1
11
4
1
4
1
2
2
6
1
1
1
1
1
2
2
1
1
2
1
2
4
1
1
1
3
4
1
1
1
1
1
1
2
2
1
1
1
1
2
1
1
1
2
2
1
1
1
2
1
2
1
1
1
1
1
2
1
1
1
3
1
5
1
8
2
2
1
1
2
5
1
3
1
6
2
1
1
1
2
4
13
1
1
2
6
1
1
1
1
2
1
1
3
1
5
4
2
1
1
1
1
1
1
2
2
3
1
3
1
1
1
2
1
2
3
2
1
1
1
1
2
1
4
3
4
2
1
2
6
1
1
1
2
1
1
1
1
1
3
1
3
1
5
2
1
1
2
1
1
1
2
2
1
1
1
3
1
2
1
1
1
1
1
1
1
1
1
3
2
2
2
4
2
2
4
2
3
1
8
3
12
2
1
1
3
2
2
3
5
2
1
2
1
1
1
2
1
1
1
1
4
3
6
1
3
2
1
2
2
5
5
1
1
2
1
2
3
5
2
7
2
1
2
2
2
2
1
1
2
2
2
1
1
1
1
7
3
1
1
2
