1
1
2
2
1
3
1
1
5
1
2
6
1
1
1
1
1
1
1
3
1
1
1
2
1
1
1
7
1
1
1
1
1
1
1
2
1
1
2
2
7
2
1
1
1
4
1
2
3
4
2
2
2
2
10
1
6
5
1
2
2
1
1
2
1
1
1
4
1
3
2
3
1
1
1
2
1
1
4
1
2
2
4
1
1
3
2
3
1
1
2
7
4
1
1
3
4
4
2
1
1
2
5
2
2
2
2
5
3
3
1
5
1
5
1
2
1
1
3
1
2
10
2
2
1
1
1
1
5
1
1
12
1
1
2
4
1
2
2
4
1
5
4
1
4
9
2
1
1
12
4
2
3
6
3
5
1
2
1
3
2
1
1
1
13
2
2
1
5
1
1
1
2
4
2
8
1
1
1
2
1
1
2
1
2
4
1
1
2
2
1
2
1
1
1
1
1
6
3
1
1
1
1
3
1
4
4
3
2
1
1
5
1
1
1
1
1
1
3
1
3
2
1
1
3
5
2
2
5
2
1
14
1
1
5
2
3
2
3
3
1
2
1
1
10
3
1
1
1
2
1
6
2
1
1
3
1
3
1
1
1
5
7
5
3
1
3
16
1
4
3
1
5
2
1
4
1
1
2
3
1
1
2
1
1
1
2
1
2
1
1
1
8
2
10
1
5
6
1
1
1
3
1
3
10
3
12
3
3
2
2
1
2
2
26
14
1
4
2
3
2
1
7
2
2
1
1
1
2
2
3
1
5
2
7
2
4
1
1
3
2
3
1
1
1
3
3
1
1
3
1
5
2
2
1
3
1
1
3
1
4
4
5
4
2
15
4
11
8
2
1
15
5
1
1
4
14
14
2
2
2
1
3
1
3
1
13
1
2
5
7
1
6
2
20
1
3
1
2
4
3
2
9
1
1
1
2
7
3
6
30
12
3
4
11
9
7
1
1
2
6
2
12
3
2
4
3
4
12
5
3
21
3
3
3
2
5
7
1
2
8
1
6
4
2
11
5
2
21
4
5
12
1
9
24
1
10
1
7
9
3
2
1
2
2
5
7
1
2
1
2
3
3
2
1
1
5
1
6
6
1
5
4
1
1
4
19
1
7
4
1
43
10
3
12
2
1
4
2
3
3
3
7
1
6
20
10
1
16
23
22
2
34
7
15
2
9
3
1
10
1
5
1
1
2
3
11
2
1
27
7
5
38
3
1
5
19
9
7
2
3
1
6
6
6
2
15
1
20
8
1
1
3
2
5
9
1
8
4
6
7
3
2
10
5
3
3
9
5
4
1
2
2
16
11
13
31
10
20
