1
2
3
1
2
1
1
8
1
1
1
3
1
5
2
4
15
1
1
2
16
1
6
4
7
1
1
5
1
2
1
1
2
1
5
2
1
3
5
1
45
1
2
1
2
1
1
108
1
1
1
1
6
1
11
1
27
4
1
1
1
6
1
5
38
10
15
28
5
1
13
1
2
6
1
12
3
36
1
10
1
1
1
5
23
92
7
1
14
10
6
1
4
31
1
1
1
2
46
13
63
2
2
40
80
163
17
24
1
1
2
1
3
3
45
5
1
1
21
3
1
2
10
7
3
4
2
1
1
1
1
5
1
1
1
3
2
4
2
3
8
1
2
4
60
35
3
1
6
2
1
2
1
65
2
1
1
5
1
1
9
9
4
5
2
9
10
31
155
1
3
102
1
1
4
5
2
3
20
1
3
1
26
5
3
2
6
1
1
1
8
2
3
1
4
4
1
1
4
3
1
1
1
4
1
2
6
1
3
1
1
1
4
6
1
1
1
2
1
3
1
1
5
4
10
6
18
8
1
1
7
3
