1
2
3
8
2
9
5
5
1
29
18
5
3
8
3
5
1
17
12
3
1
2
2
6
1
23
2
13
18
1
1
2
2
1
2
1
3
2
1
1
1
1
1
3
1
5
6
6
1
1
1
1
1
2
3
3
4
1
1
25
1
2
4
2
10
1
2
1
2
3
7
15
32
4
1
4
1
1
10
51
36
6
1
1
6
16
2
1
47
1
1
1
1
1
2
18
2
3
3
3
1
1
1
2
2
1
1
10
12
2
1
1
2
1
1
1
1
1
2
1
2
1
1
1
2
6
2
3
1
1
5
1
8
1
1
3
2
1
4
7
9
1
3
2
2
5
1
1
1
1
1
1
1
1
1
1
1
1
1
1
1
2
1
1
1
1
2
1
4
4
1
3
1
1
2
4
2
2
3
1
2
1
3
1
1
11
2
1
22
1
1
2
9
3
2
1
1
3
3
1
7
2
1
1
4
2
5
3
1
1
1
1
3
1
17
3
9
10
18
16
3
1
1
2
22
7
3
24
4
38
4
1
16
4
4
14
2
33
1
1
2
1
1
1
1
2
1
4
1
5
2
9
25
11
1
8
6
2
14
11
4
10
1
3
36
2
46
3
2
3
3
1
1
2
2
1
2
2
20
3
3
1
6
7
3
29
1
2
1
2
1
2
5
6
51
4
12
33
11
5
3
19
8
320
13
18
28
12
7
4
2
20
9
6
5
1
1
1
2
9
1
1
3
1
9
6
8
1
1
2
15
1
1
1
3
1
1
1
3
12
20
8
1
5
2
14
1
1
11
1
2
1
2
1
1
1
7
3
1
1
3
1
1
1
1
1
30
16
2
19
7
5
3
2
3
2
24
4
27
6
18
2
4
3
1
19
8
1
1
1
1
1
8
45
2
1
1
4
4
80
9
2
8
26
8
23
38
7
5
2
27
3
51
24
5
1
38
1
2
3
1
2
1
3
1
1
1
1
1
1
1
1
1
1
5
1
1
2
3
6
5
14
4
9
3
3
1
4
2
7
1
8
5
6
7
1
1
2
1
1
17
2
1
5
1
3
16
6
1
5
3
17
4
12
3
3
5
3
2
6
2
7
2
4
6
2
3
5
2
3
11
4
8
4
7
8
5
7
19
2
3
6
6
2
3
1
1
4
33
5
7
1
32
8
9
3
2
1
1
28
6
5
10
35
6
7
3
1
5
11
1
2
7
7
2
3
2
1
2
1
3
2
2
2
1
13
1
3
44
4
3
5
10
11
1
17
25
3
2
5
2
4
1
5
1
1
2
1
4
10
5
1
5
6
1
2
1
2
4
1
1
1
1
1
1
1
1
1
2
2
3
2
5
1
2
4
1
1
3
2
1
1
1
3
3
4
1
4
7
5
1
1
1
1
1
1
1
1
1
1
2
3
9
1
11
1
1
12
4
12
8
4
19
3
5
6
2
4
3
1
12
2
6
1
3
19
3
1
1
2
4
3
1
2
2
4
2
1
2
4
3
8
2
5
2
2
1
5
1
4
7
2
1
15
24
1
3
1
4
7
3
4
6
7
8
16
10
31
10
1
2
1
1
62
1
1
53
2
5
1
57
24
100
15
111
4
24
50
83
1
1
2
2
2
4
24
15
3
12
29
17
44
5
2
9
34
1
74
5
9
4
30
62
6
3
2
4
1
2
1
1
44
15
14
2
2
4
1
5
2
1
1
6
4
3
2
1
7
4
9
4
9
2
13
6
3
1
1
1
2
1
4
1
3
1
3
3
12
5
3
1
3
9
16
2
1
17
2
1
9
13
9
16
1
6
5
7
5
8
10
1
1
15
19
7
5
9
5
1
6
4
9
3
2
2
4
12
5
3
6
4
1
1
1
1
2
1
1
10
1
9
4
1
9
1
1
3
4
1
1
1
1
3
4
1
17
1
2
3
1
40
21
32
7
23
16
3
11
22
20
14
1
1
36
10
8
8
11
18
18
5
1
1
3
19
22
11
2
7
12
6
15
1
20
5
31
38
16
1
1
18
15
4
2
4
1
1
1
1
2
1
1
3
1
1
1
3
4
3
1
1
1
4
20
14
3
1
3
2
25
9
2
7
4
1
1
3
1
1
3
1
3
1
1
1
1
1
1
2
1
1
2
26
1
2
1
1
4
11
20
14
57
14
16
12
15
7
3
5
13
5
13
1
11
8
3
2
5
43
1
1
3
1
1
20
10
1
3
1
3
8
7
9
18
4
16
1
69
2
9
4
3
2
14
20
5
2
3
1
5
51
33
2
4
17
72
8
1
7
25
11
2
1
2
2
1
3
12
1
4
29
82
9
3
5
1
1
3
1
2
1
12
7
12
1
2
1
4
1
4
4
1
2
2
3
1
1
1
4
6
56
3
2
1
3
1
8
87
19
10
4
25
54
3
8
8
1
19
4
5
4
1
88
13
3
1
16
18
11
20
25
76
15
2
16
2
4
2
7
32
3
2
29
1
4
