1
1
1
1
2
1
1
1
1
1
1
3
1
1
2
1
3
2
1
1
2
2
1
1
1
1
18
2
1
15
29
27
4
6
9
30
9
17
4
3
6
1
1
9
1
2
1
1
1
2
11
1
1
1
8
2
1
1
1
1
1
1
1
1
1
3
8
6
1
1
1
9
6
5
5
1
2
7
2
3
2
1
1
3
1
2
3
1
1
1
1
3
3
1
1
1
1
1
1
4
1
2
2
1
1
1
1
3
1
2
1
2
3
1
3
1
4
1
2
31
12
17
48
6
1
1
5
47
6
10
8
6
10
3
17
10
2
2
2
6
5
21
9
8
2
6
1
1
7
1
1
2
1
1
2
8
30
1
8
2
6
2
1
1
5
1
1
13
1
1
1
2
1
1
2
2
1
1
1
1
2
1
1
1
1
1
1
1
1
1
2
3
1
1
3
5
6
5
2
8
1
3
7
2
26
1
1
1
1
8
12
1
8
9
1
1
1
1
5
7
9
2
2
13
38
1
1
1
1
1
2
1
1
1
2
1
1
1
1
1
1
1
1
1
1
2
1
1
1
1
1
1
1
1
1
1
1
1
1
1
1
1
1
1
1
1
1
3
1
1
1
2
1
1
1
1
1
