1
1
1
1
1
1
1
10
2
5
5
1
1
6
1
1
1
2
1
1
3
2
1
2
1
1
3
1
1
3
2
1
3
1
1
3
1
1
1
1
1
3
1
1
1
1
1
4
1
1
1
3
5
3
6
1
5
5
1
1
1
1
1
2
3
1
5
3
8
1
2
1
5
1
2
1
6
1
1
6
3
1
4
6
1
1
2
1
5
1
1
2
1
1
2
1
4
1
3
4
1
2
1
1
1
2
2
1
4
1
1
5
6
1
1
1
4
2
1
1
2
1
1
2
2
1
2
1
1
1
1
2
1
1
1
1
1
1
1
3
3
2
2
1
1
1
2
2
2
2
1
1
2
4
1
5
3
12
1
1
3
2
1
1
1
3
1
1
2
2
5
10
19
10
8
2
3
2
1
3
3
3
1
2
1
3
1
2
1
9
4
2
5
3
3
1
2
4
1
1
1
1
1
11
14
2
8
1
2
1
2
1
2
1
11
1
8
1
1
1
2
1
4
1
1
1
1
1
1
1
1
2
1
1
15
1
7
1
6
12
28
2
1
4
3
5
18
3
11
10
3
4
3
7
8
7
21
6
2
1
1
19
2
3
5
13
19
3
2
2
1
1
1
4
3
6
27
11
5
1
1
3
1
1
1
1
2
3
3
1
2
2
4
5
6
2
2
1
3
2
2
2
3
5
3
14
2
9
5
1
1
2
1
1
1
4
6
1
1
10
3
20
1
3
5
1
2
3
1
9
4
2
8
10
16
1
2
2
7
9
1
27
1
1
1
1
2
3
5
3
1
4
4
11
2
35
3
15
2
5
3
2
1
24
35
4
1
18
70
4
1
2
4
22
12
12
2
1
2
7
4
7
4
5
2
2
16
32
14
5
9
1
16
1
2
11
1
5
2
2
2
6
1
1
1
2
1
5
1
4
7
1
2
1
2
4
1
5
2
1
3
6
2
2
1
1
3
4
2
2
8
2
2
6
1
2
6
2
1
6
13
4
4
2
1
1
1
1
22
2
2
2
1
1
3
1
13
2
1
2
1
1
2
3
1
1
2
2
1
6
1
1
2
2
1
1
4
3
3
1
6
2
1
1
1
1
2
3
2
2
1
1
1
1
5
1
4
1
2
5
1
8
8
1
1
1
1
1
1
1
1
1
1
17
1
4
3
17
3
1
2
36
1
2
1
2
3
2
2
2
2
1
1
1
1
3
1
5
12
11
1
1
1
3
2
1
4
3
1
1
3
2
1
1
2
7
2
1
6
1
4
1
1
1
1
1
1
2
1
1
1
2
3
4
4
1
1
4
2
1
2
1
1
3
2
1
1
5
3
2
3
15
11
6
1
1
1
3
7
1
1
1
1
1
2
2
1
1
1
1
1
1
1
6
2
2
5
4
22
2
2
2
1
1
1
4
7
1
2
2
2
1
3
4
2
1
1
4
4
1
1
2
1
3
1
1
1
56
2
1
9
5
5
3
2
1
2
2
2
1
1
1
1
3
2
1
8
1
1
1
2
2
1
1
3
1
1
2
5
10
1
4
4
4
1
1
2
2
2
1
1
1
1
4
7
1
1
1
1
1
5
4
2
2
3
2
2
3
9
4
2
1
1
1
1
1
2
1
1
2
3
3
1
2
9
1
19
2
5
2
3
2
1
5
2
1
4
7
15
21
20
29
2
1
1
1
6
4
9
1
1
7
1
2
2
2
2
6
1
2
4
13
5
1
1
1
1
3
1
2
1
3
1
1
1
3
1
1
1
1
1
2
3
5
1
1
1
1
1
9
17
1
1
6
3
1
1
3
1
1
1
1
4
1
1
2
2
2
1
2
1
1
2
1
2
1
2
2
11
5
6
2
1
1
1
3
2
1
3
1
1
3
2
1
2
2
1
7
1
1
1
1
1
3
2
6
2
2
1
3
1
2
7
1
1
1
1
8
5
1
1
2
3
1
5
1
1
1
1
1
2
1
2
1
8
2
1
1
1
4
16
13
1
2
2
4
1
1
1
3
2
4
1
1
1
2
6
4
1
4
1
6
3
2
3
3
1
1
1
1
1
1
2
3
2
1
2
1
1
3
1
1
1
1
1
4
1
1
1
2
1
3
1
1
1
1
3
5
11
16
2
3
7
5
1
2
1
1
1
1
3
2
1
21
1
1
1
1
1
1
1
4
1
1
3
1
4
4
2
3
1
2
1
3
2
1
1
11
1
1
1
1
2
1
1
3
1
1
1
1
1
1
1
1
1
1
1
1
1
3
1
1
2
1
2
3
15
1
1
2
5
1
1
1
3
1
1
11
2
3
4
5
1
5
3
5
2
3
3
1
4
4
2
1
1
2
1
1
1
2
1
1
2
1
2
1
1
1
1
1
1
10
2
5
4
1
3
2
1
4
1
2
1
4
1
3
1
1
2
1
1
2
1
3
14
3
3
2
1
1
1
1
1
2
1
2
3
1
1
1
2
1
1
1
1
5
1
1
2
1
1
1
1
1
1
1
1
1
1
1
1
1
2
1
1
1
1
1
1
1
5
1
7
2
1
5
5
4
3
2
3
2
4
1
6
3
7
1
2
1
2
5
3
1
1
2
4
1
1
1
2
3
1
1
1
1
2
1
1
1
2
9
19
17
9
8
5
30
3
4
1
3
6
1
1
2
3
1
3
4
5
1
2
1
1
5
2
1
1
5
5
12
3
9
5
2
1
18
4
1
3
1
1
2
10
2
1
1
2
3
2
47
1
1
1
3
6
5
2
1
5
7
1
2
1
1
1
1
1
1
1
1
1
1
1
1
1
3
3
1
2
2
1
2
3
1
1
1
1
1
1
9
2
1
2
2
2
1
1
7
1
1
1
1
1
2
1
1
1
4
1
1
1
9
1
2
2
2
1
1
1
1
1
1
1
1
1
2
1
