1
1
5
7
1
2
9
6
5
1
1
1
1
4
3
8
5
1
2
3
3
2
2
3
1
3
1
3
17
5
3
4
4
3
1
5
7
22
3
5
1
6
2
2
1
2
1
1
1
1
3
1
1
1
1
1
1
1
1
1
5
1
1
1
3
1
2
4
4
3
1
1
1
1
1
1
2
1
2
2
2
2
1
1
1
1
2
3
1
1
3
2
2
3
1
6
3
3
2
4
2
5
2
1
3
1
2
2
2
1
1
1
4
1
4
2
2
1
3
1
1
2
3
3
18
2
4
2
8
1
1
11
7
5
4
4
2
1
7
2
1
2
4
3
5
2
1
9
7
7
1
4
21
2
6
4
2
7
1
6
1
17
31
1
1
1
1
1
4
6
3
16
3
522
1
26
37
19
12
2
1
3
1
1
11
7
1
23
14
1
9
31
6
3
22
1
2
2
8
1
1
1
1
4
1
5
1
1
4
3
9
6
24
13
6
8
9
1
59
2
33
2
24
26
17
2
20
10
60
5
2
5
15
5
4
25
1
5
34
1
6
1
1
42
9
1
1
23
65
5
1
4
2
3
5
3
1
9
5
7
26
1
32
1
1
29
15
28
1
2
1
6
7
1
7
2
2
4
4
1
2
5
4
6
1
30
2
2
28
8
14
24
24
5
4
21
5
12
17
8
11
7
3
1
6
2
6
2
1
3
6
9
6
2
2
7
3
4
1
12
10
6
1
5
8
8
1
6
5
3
6
2
1
4
20
2
7
2
3
14
6
13
8
2
6
7
5
9
5
1
6
7
17
1
2
9
2
1
4
1
15
4
2
22
5
10
19
30
3
33
7
19
4
3
6
3
8
16
6
5
3
16
7
9
2
3
20
6
14
2
18
13
4
1
3
6
1
54
1
1
3
3
9
4
7
1
1
7
24
2
2
49
17
2
3
12
1
1
2
1
8
1
2
6
4
2
5
15
1
2
1
1
1
3
1
1
3
1
2
3
1
3
3
1
2
1
1
2
1
3
4
1
1
1
2
1
1
2
1
2
4
2
2
23
1
1
1
6
1
5
4
11
34
21
3
1
8
1
11
4
6
16
4
8
5
10
8
1
6
14
1
3
2
27
13
5
2
1
5
5
4
3
2
2
2
6
1
1
3
3
1
1
1
2
4
1
1
2
6
2
1
1
1
1
1
1
1
1
14
2
4
1
2
8
5
1
15
21
5
7
2
9
3
5
1
2
8
3
5
8
5
2
5
1
1
1
2
2
3
2
1
4
1
1
1
1
3
14
16
3
24
7
16
2
1
1
13
37
17
32
16
1
6
1
8
16
16
39
29
4
2
7
4
7
2
2
13
1
3
2
11
1
1
16
25
1
2
4
1
2
1
5
3
1
1
1
2
1
2
1
1
1
1
1
1
2
1
5
2
57
5
26
5
1
29
11
11
35
5
1
1
3
1
3
6
11
11
4
17
20
4
1
10
6
14
36
1
5
35
17
22
10
2
5
5
2
6
1
11
11
8
23
12
64
5
6
19
33
31
2
14
26
1
10
39
10
67
1
9
25
23
25
32
1
1
7
10
4
1
3
4
101
26
46
1
26
2
21
61
8
31
7
3
16
2
22
1
19
5
3
6
1
4
27
13
6
2
120
33
29
9
18
84
106
25
55
14
6
6
18
16
14
9
19
88
6
54
19
44
29
72
25
5
2
5
15
4
20
1
3
3
1
4
7
14
8
104
55
48
84
120
64
1
28
15
34
46
12
43
9
5
1
1
6
18
1
12
71
23
5
5
50
71
54
6
7
6
28
7
2
22
7
2
80
4
34
15
47
4
23
26
20
1
15
67
3
20
65
4
1
4
21
3
12
6
11
18
2
17
9
20
23
35
37
28
8
17
23
81
21
35
93
73
123
66
65
8
3
344
14
12
22
8
24
3
83
8
1
1
63
32
3
23
17
5
15
112
53
59
55
30
70
13
2
32
55
15
21
27
30
3
1
5
7
1
35
63
16
7
15
