1	3.66666666666667	22	13
1007	0	0	0
1038	0	0	0
1041	0	0	0
1045	0	0	0
1046	0	0	0
1051	2	4	3
1054	117.750000000000	1413	1007
1055	9.56756756756757	354	153
1056	39.8181818181818	438	147
1057	7.50943396226415	398	80
1060	0	0	0
1086	0	0	0
1103	0	0	0
1167	0	0	0
1173	0	0	0
1177	0	0	0
1190	0	0	0
1197	0	0	0
1201	0	0	0
1211	0	0	0
122	0	0	0
1223	0	0	0
1224	0	0	0
1233	0	0	0
1246	0	0	0
1249	0	0	0
1260	0	0	0
1274	0	0	0
1278	0	0	0
1279	0	0	0
1294	0	0	0
1310	0	0	0
1324	0	0	0
134	0	0	0
135	0	0	0
1351	0	0	0
1354	0	0	0
1374	0	0	0
1377	0	0	0
1386	0	0	0
1389	19.1956521739130	883	215
1400	0	0	0
1406	0	0	0
1413	0	0	0
1416	0	0	0
1418	0	0	0
1419	15.6666666666667	47	34
1433	22.8888888888889	1236	388
1439	0	0	0
1440	0	0	0
1448	0	0	0
1460	0	0	0
1481	0	0	0
1483	0	0	0
15	0	0	0
1501	0	0	0
1507	0	0	0
1540	0	0	0
1552	0	0	0
1553	0	0	0
1579	90.4705882352941	1538	534
1580	25.6111111111111	1383	385
1585	0	0	0
1586	50.5000000000000	1515	301
1604	0	0	0
1606	0	0	0
161	12.4193548387097	770	389
1616	0	0	0
162	35	35	35
1625	0	0	0
1642	0	0	0
1660	30.5897435897436	1193	505
1661	2.58333333333333	31	10
1662	26.5094339622642	1405	610
1663	0	0	0
1668	33.7727272727273	1486	549
167	33.4800000000000	837	218
168	19.6811594202899	1358	167
1702	0	0	0
1705	0	0	0
1715	0	0	0
1724	0	0	0
1752	20.6129032258065	1278	377
1758	0	0	0
1771	10	10	10
1784	0	0	0
1791	0	0	0
1796	0	0	0
1813	0	0	0
1838	0	0	0
1841	0	0	0
186	0	0	0
1861	0	0	0
188	0	0	0
1893	0	0	0
1899	0	0	0
1904	0	0	0
1906	0	0	0
1931	1	1	1
1932	0	0	0
1947	0	0	0
1955	0	0	0
1966	0	0	0
1972	0	0	0
1977	0	0	0
198	0	0	0
1983	0	0	0
1984	0	0	0
1987	0	0	0
1988	0	0	0
1990	0	0	0
1992	0	0	0
1995	0	0	0
1997	0	0	0
2007	0	0	0
2028	3.20833333333333	77	16
2031	0	0	0
2035	0	0	0
2038	0	0	0
2048	0	0	0
2057	0	0	0
2062	0	0	0
2063	0	0	0
207	0	0	0
2085	0	0	0
2098	2.33333333333333	7	5
21	0	0	0
2105	158.100000000000	1581	710
2108	25.3400000000000	1267	238
2111	0	0	0
2158	0	0	0
2161	0	0	0
2162	0	0	0
2178	0	0	0
2195	0	0	0
2196	0	0	0
22	0	0	0
2200	0	0	0
2206	0	0	0
2212	0	0	0
2218	0	0	0
2231	0	0	0
224	0	0	0
2250	0	0	0
2259	0	0	0
2261	7	7	7
2290	0	0	0
2325	0	0	0
2330	1592	1592	1592
2331	31.4102564102564	1225	380
2336	0	0	0
2361	0	0	0
2376	0	0	0
2388	0	0	0
2394	0	0	0
2402	0	0	0
2403	4.25000000000000	34	26
2416	0	0	0
242	40.2187500000000	1287	608
2425	0	0	0
243	14.2500000000000	570	222
244	39.2758620689655	1139	324
245	1	2	1
2456	0	0	0
2459	0	0	0
2463	0	0	0
2464	171.222222222222	1541	505
2469	1	1	1
2472	11.4186046511628	491	164
2473	387.500000000000	1550	1229
2474	22.3225806451613	1384	226
2475	264	1584	878
2478	0	0	0
250	8.73333333333333	131	94
2504	0	0	0
2521	0	0	0
2585	0	0	0
2591	0	0	0
2595	0	0	0
2608	0	0	0
2615	0	0	0
2619	0	0	0
2629	0	0	0
2641	0	0	0
2642	0	0	0
2651	0	0	0
2664	0	0	0
2667	0	0	0
2678	0	0	0
2692	0	0	0
2696	0	0	0
2697	0	0	0
2712	0	0	0
2728	0	0	0
2742	0	0	0
2769	0	0	0
2772	0	0	0
2792	0	0	0
2795	0	0	0
2804	0	0	0
2807	31	31	31
2818	0	0	0
2824	0	0	0
2831	0	0	0
2834	0	0	0
2836	0	0	0
2837	0	0	0
284	0	0	0
2851	28.9545454545455	1274	361
2857	0	0	0
2858	3.01818181818182	166	65
2866	0	0	0
287	0	0	0
2878	0	0	0
2899	48.4193548387097	1501	458
2901	3.55172413793103	103	19
2919	0	0	0
2925	0	0	0
2958	0	0	0
297	0	0	0
2970	0	0	0
2971	0	0	0
2997	25.2000000000000	126	102
2998	5.33333333333333	16	13
30	1	2	1
3003	16.3661971830986	1162	175
3004	45.7812500000000	1465	237
3022	0	0	0
3024	3.61538461538462	47	14
3034	23	1173	233
3043	0	0	0
306	0	0	0
3060	0	0	0
3078	317.200000000000	1586	926
3079	19.0545454545455	1048	922
3080	795.500000000000	1591	1202
3081	11.6875000000000	935	157
3086	27.8800000000000	1394	394
3120	0	0	0
3123	0	0	0
3133	0	0	0
3142	0	0	0
3170	10.3258426966292	919	145
3176	0	0	0
3189	0	0	0
3202	0	0	0
3209	0	0	0
3214	0	0	0
3231	0	0	0
3256	32.4473684210526	1233	233
3259	25.5869565217391	1177	198
3279	0	0	0
3311	0	0	0
3317	0	0	0
3322	0	0	0
3324	0	0	0
334	10.1208791208791	921	134
3349	44.5833333333333	535	266
3350	0	0	0
3365	0	0	0
3373	0	0	0
3384	0	0	0
3390	0	0	0
3395	0	0	0
340	0	0	0
3401	0	0	0
3402	0	0	0
3405	0	0	0
3406	0	0	0
3408	0	0	0
3410	0	0	0
3413	0	0	0
3415	0	0	0
3425	0	0	0
3446	0	0	0
3449	0	0	0
3453	0	0	0
3456	0	0	0
3466	0	0	0
3475	0	0	0
3480	0	0	0
3481	0	0	0
3503	0	0	0
3516	0	0	0
3523	0	0	0
3526	0	0	0
3529	0	0	0
353	0	0	0
3576	0	0	0
3579	197.125000000000	1577	946
3580	389.250000000000	1557	1440
3596	0	0	0
3613	0	0	0
3614	0	0	0
3618	0	0	0
3624	0	0	0
3630	0	0	0
3636	0	0	0
3649	16.6790123456790	1351	370
366	0	0	0
3668	1.33333333333333	4	2
3677	0	0	0
3679	0	0	0
3708	0	0	0
373	0	0	0
3743	0	0	0
3748	5.66666666666667	204	89
3749	2.65853658536585	109	16
3754	0	0	0
3779	0	0	0
378	0	0	0
3794	0	0	0
3806	0	0	0
3812	56.5238095238095	1187	382
3820	21.4137931034483	1242	608
3821	396.500000000000	1586	786
3834	0	0	0
3843	0	0	0
3874	0	0	0
3877	0	0	0
3881	0	0	0
3882	52.9642857142857	1483	296
3887	0	0	0
3890	794.500000000000	1589	795
3891	166.444444444444	1498	1406
3892	26.6730769230769	1387	277
3893	1590	1590	1590
3896	0	0	0
3922	0	0	0
3939	0	0	0
395	0	0	0
4003	0	0	0
4009	0	0	0
4013	0	0	0
4026	0	0	0
4033	0	0	0
4037	0	0	0
4047	0	0	0
4059	0	0	0
4060	0	0	0
4069	0	0	0
4082	0	0	0
4085	0	0	0
4096	0	0	0
4110	0	0	0
4114	0	0	0
4115	0	0	0
4130	0	0	0
4146	0	0	0
4160	0	0	0
4187	0	0	0
4190	0	0	0
42	0	0	0
420	46.6666666666667	1540	504
4210	0	0	0
4213	0	0	0
4222	0	0	0
4225	0	0	0
423	21.3260869565217	981	247
4236	0	0	0
4242	0	0	0
4249	0	0	0
4252	0	0	0
4254	0	0	0
443	0	0	0
475	0	0	0
481	0	0	0
486	0	0	0
488	0	0	0
513	2	4	3
514	0	0	0
529	0	0	0
537	0	0	0
548	0	0	0
554	0	0	0
559	0	0	0
565	0	0	0
566	0	0	0
569	0	0	0
570	0	0	0
572	0	0	0
574	0	0	0
577	0	0	0
579	0	0	0
589	0	0	0
610	0	0	0
613	0	0	0
617	0	0	0
620	0	0	0
63	44.7500000000000	1432	214
630	0	0	0
639	0	0	0
644	0	0	0
645	0	0	0
65	25.1702127659574	1183	345
667	0	0	0
680	0	0	0
687	0	0	0
690	0	0	0
693	0	0	0
740	104.266666666667	1564	873
743	530	1590	1067
744	41.7714285714286	1462	632
760	0	0	0
777	0	0	0
778	0	0	0
782	0	0	0
788	0	0	0
794	0	0	0
800	0	0	0
813	74.8181818181818	823	749
83	0	0	0
832	12.5762711864407	742	79
841	8.01886792452830	425	119
843	1	1	1
872	0	0	0
89	0	0	0
907	0	0	0
912	35.7380952380952	1501	331
913	264.333333333333	1586	1087
918	0	0	0
943	0	0	0
958	0	0	0
970	0	0	0
976	2.80000000000000	28	6
984	0	0	0
985	0	0	0
998	0	0	0
